0.000000000000000000e+00 0.000000000000000000e+00
0.000000000000000000e+00 0.000000000000000000e+00
0.000000000000000000e+00 0.000000000000000000e+00
1.359341491048336650e+02 9.190074568715860437e+01
3.122259665148553154e+02 2.163615876406294660e+02
5.725380168321826204e+02 4.119780699358624929e+02
9.308662268185720450e+02 6.896013503987973081e+02
1.404078592699562705e+03 1.061406004754782543e+03
2.026511495980095333e+03 1.543649728440179160e+03
2.829437804231498831e+03 2.155105379683360297e+03
3.766402428175824298e+03 2.901016324726616403e+03
4.825041163211535604e+03 3.779482619852763037e+03
4.498029427692360514e+03 3.947030803595998350e+03
4.442761568396193979e+03 4.074753688470371344e+03
4.468761234363699259e+03 4.203918490526491951e+03
4.486653471997497945e+03 4.293202735906431371e+03
4.516922375496512359e+03 4.372221708001877232e+03
4.528045182318355728e+03 4.419426185479719607e+03
4.593905796632416241e+03 4.508548857444526220e+03
4.650262094908507606e+03 4.582714368449823269e+03
4.705732606346623470e+03 4.651672519432244371e+03
4.753907354421858145e+03 4.710342228234617323e+03
4.846317660872084161e+03 4.809949877743285469e+03
4.965101773977562516e+03 4.934020285274801608e+03
5.086307220013906772e+03 5.059499647449563781e+03
0.000000000000000000e+00 0.000000000000000000e+00
0.000000000000000000e+00 0.000000000000000000e+00
0.000000000000000000e+00 0.000000000000000000e+00
0.000000000000000000e+00 0.000000000000000000e+00
0.000000000000000000e+00 0.000000000000000000e+00
