#Turbine    Time(s)    dt(s)    blade pitch angle (degrees)
0 20000 0.4 0

0 20000.4 0.4 0

0 20000.8 0.4 0

0 20001.2 0.4 0

0 20001.6 0.4 0

0 20002 0.4 0

0 20002.4 0.4 0

0 20002.8 0.4 0

0 20003.2 0.4 0

0 20003.6 0.4 0

0 20004 0.4 0

0 20004.4 0.4 0

0 20004.8 0.4 0

0 20005.2 0.4 0

0 20005.6 0.4 0

0 20006 0.4 0

0 20006.4 0.4 0

0 20006.8 0.4 0

0 20007.2 0.4 0

0 20007.6 0.4 0

0 20008 0.4 0

0 20008.4 0.4 0

0 20008.8 0.4 0

0 20009.2 0.4 0

0 20009.6 0.4 0

0 20010 0.4 0

0 20010.4 0.4 0

0 20010.8 0.4 0

0 20011.2 0.4 0

0 20011.6 0.4 0

0 20012 0.4 0

0 20012.4 0.4 0

0 20012.8 0.4 0

0 20013.2 0.4 0

0 20013.6 0.4 0

0 20014 0.4 0

0 20014.4 0.4 0

0 20014.8 0.4 0

0 20015.2 0.4 0

0 20015.6 0.4 0

0 20016 0.4 0

0 20016.4 0.4 0

0 20016.8 0.4 0

0 20017.2 0.4 0

0 20017.6 0.4 0

0 20018 0.4 0

0 20018.4 0.4 0

0 20018.8 0.4 0

0 20019.2 0.4 0

0 20019.6 0.4 0

0 20020 0.4 0

0 20020.4 0.4 0

0 20020.8 0.4 0

0 20021.2 0.4 0

0 20021.6 0.4 0

0 20022 0.4 0

0 20022.4 0.4 0

0 20022.8 0.4 0

0 20023.2 0.4 0

0 20023.6 0.4 0

0 20024 0.4 0

0 20024.4 0.4 0

0 20024.8 0.4 0

0 20025.2 0.4 0

0 20025.6 0.4 0

0 20026 0.4 0

0 20026.4 0.4 0

0 20026.8 0.4 0

0 20027.2 0.4 0

0 20027.6 0.4 0

0 20028 0.4 0

0 20028.4 0.4 0

0 20028.8 0.4 0

0 20029.2 0.4 0

0 20029.6 0.4 0

0 20030 0.4 0

0 20030.4 0.4 0

0 20030.8 0.4 0

0 20031.2 0.4 0

0 20031.6 0.4 0

0 20032 0.4 0

0 20032.4 0.4 0

0 20032.8 0.4 0

0 20033.2 0.4 0

0 20033.6 0.4 0

0 20034 0.4 0

0 20034.4 0.4 0

0 20034.8 0.4 0

0 20035.2 0.4 0

0 20035.6 0.4 0

0 20036 0.4 0

0 20036.4 0.4 0

0 20036.8 0.4 0

0 20037.2 0.4 0

0 20037.6 0.4 0

0 20038 0.4 0

0 20038.4 0.4 0

0 20038.8 0.4 0

0 20039.2 0.4 0

0 20039.6 0.4 0

0 20040 0.4 0

0 20040.4 0.4 0

0 20040.8 0.4 0

0 20041.2 0.4 0

0 20041.6 0.4 0

0 20042 0.4 0

0 20042.4 0.4 0

0 20042.8 0.4 0

0 20043.2 0.4 0

0 20043.6 0.4 0

0 20044 0.4 0

0 20044.4 0.4 0

0 20044.8 0.4 0

0 20045.2 0.4 0

0 20045.6 0.4 0

0 20046 0.4 0

0 20046.4 0.4 0

0 20046.8 0.4 0

0 20047.2 0.4 0

0 20047.6 0.4 0

0 20048 0.4 0

0 20048.4 0.4 0

0 20048.8 0.4 0

0 20049.2 0.4 0

0 20049.6 0.4 0

0 20050 0.4 0

0 20050.4 0.4 0

0 20050.8 0.4 0

0 20051.2 0.4 0

0 20051.6 0.4 0

0 20052 0.4 0

0 20052.4 0.4 0

0 20052.8 0.4 0

0 20053.2 0.4 0

0 20053.6 0.4 0

0 20054 0.4 0

0 20054.4 0.4 0

0 20054.8 0.4 0

0 20055.2 0.4 0

0 20055.6 0.4 0

0 20056 0.4 0

0 20056.4 0.4 0

0 20056.8 0.4 0

0 20057.2 0.4 0

0 20057.6 0.4 0

0 20058 0.4 0

0 20058.4 0.4 0

0 20058.8 0.4 0

0 20059.2 0.4 0

0 20059.6 0.4 0

0 20060 0.4 0

0 20060.4 0.4 0

0 20060.8 0.4 0

0 20061.2 0.4 0

0 20061.6 0.4 0

0 20062 0.4 0

0 20062.4 0.4 0

0 20062.8 0.4 0

0 20063.2 0.4 0

0 20063.6 0.4 0

0 20064 0.4 0

0 20064.4 0.4 0

0 20064.8 0.4 0

0 20065.2 0.4 0

0 20065.6 0.4 0

0 20066 0.4 0

0 20066.4 0.4 0

0 20066.8 0.4 0

0 20067.2 0.4 0

0 20067.6 0.4 0

0 20068 0.4 0

0 20068.4 0.4 0

0 20068.8 0.4 0

0 20069.2 0.4 0

0 20069.6 0.4 0

0 20070 0.4 0

0 20070.4 0.4 0

0 20070.8 0.4 0

0 20071.2 0.4 0

0 20071.6 0.4 0

0 20072 0.4 0

0 20072.4 0.4 0

0 20072.8 0.4 0

0 20073.2 0.4 0

0 20073.6 0.4 0

0 20074 0.4 0

0 20074.4 0.4 0

0 20074.8 0.4 0

0 20075.2 0.4 0

0 20075.6 0.4 0

0 20076 0.4 0

0 20076.4 0.4 0

0 20076.8 0.4 0

0 20077.2 0.4 0

0 20077.6 0.4 0

0 20078 0.4 0

0 20078.4 0.4 0

0 20078.8 0.4 0

0 20079.2 0.4 0

0 20079.6 0.4 0

0 20080 0.4 0

0 20080.4 0.4 0

0 20080.8 0.4 0

0 20081.2 0.4 0

0 20081.6 0.4 0

0 20082 0.4 0

0 20082.4 0.4 0

0 20082.8 0.4 0

0 20083.2 0.4 0

0 20083.6 0.4 0

0 20084 0.4 0

0 20084.4 0.4 0

0 20084.8 0.4 0

0 20085.2 0.4 0

0 20085.6 0.4 0

0 20086 0.4 0

0 20086.4 0.4 0

0 20086.8 0.4 0

0 20087.2 0.4 0

0 20087.6 0.4 0

0 20088 0.4 0

0 20088.4 0.4 0

0 20088.8 0.4 0

0 20089.2 0.4 0

0 20089.6 0.4 0

0 20090 0.4 0

0 20090.4 0.4 0

0 20090.8 0.4 0

0 20091.2 0.4 0

0 20091.6 0.4 0

0 20092 0.4 0

0 20092.4 0.4 0

0 20092.8 0.4 0

0 20093.2 0.4 0

0 20093.6 0.4 0

0 20094 0.4 0

0 20094.4 0.4 0

0 20094.8 0.4 0

0 20095.2 0.4 0

0 20095.6 0.4 0

0 20096 0.4 0

0 20096.4 0.4 0

0 20096.8 0.4 0

0 20097.2 0.4 0

0 20097.6 0.4 0

0 20098 0.4 0

0 20098.4 0.4 0

0 20098.8 0.4 0

0 20099.2 0.4 0

0 20099.6 0.4 0

0 20100 0.4 0

0 20100.4 0.4 0

0 20100.8 0.4 0

0 20101.2 0.4 0

0 20101.6 0.4 0

0 20102 0.4 0

0 20102.4 0.4 0

0 20102.8 0.4 0

0 20103.2 0.4 0

0 20103.6 0.4 0

0 20104 0.4 0

0 20104.4 0.4 0

0 20104.8 0.4 0

0 20105.2 0.4 0

0 20105.6 0.4 0

0 20106 0.4 0

0 20106.4 0.4 0

0 20106.8 0.4 0

0 20107.2 0.4 0

0 20107.6 0.4 0

0 20108 0.4 0

0 20108.4 0.4 0

0 20108.8 0.4 0

0 20109.2 0.4 0

0 20109.6 0.4 0

0 20110 0.4 0

0 20110.4 0.4 0

0 20110.8 0.4 0

0 20111.2 0.4 0

0 20111.6 0.4 0

0 20112 0.4 0

0 20112.4 0.4 0

0 20112.8 0.4 0

0 20113.2 0.4 0

0 20113.6 0.4 0

0 20114 0.4 0

0 20114.4 0.4 0

0 20114.8 0.4 0

0 20115.2 0.4 0

0 20115.6 0.4 0

0 20116 0.4 0

0 20116.4 0.4 0

0 20116.8 0.4 0

0 20117.2 0.4 0

0 20117.6 0.4 0

0 20118 0.4 0

0 20118.4 0.4 0

0 20118.8 0.4 0

0 20119.2 0.4 0

0 20119.6 0.4 0

0 20120 0.4 0

0 20120.4 0.4 0

0 20120.8 0.4 0

0 20121.2 0.4 0

0 20121.6 0.4 0

0 20122 0.4 0

0 20122.4 0.4 0

0 20122.8 0.4 0

0 20123.2 0.4 0

0 20123.6 0.4 0

0 20124 0.4 0

0 20124.4 0.4 0

0 20124.8 0.4 0

0 20125.2 0.4 0

0 20125.6 0.4 0

0 20126 0.4 0

0 20126.4 0.4 0

0 20126.8 0.4 0

0 20127.2 0.4 0

0 20127.6 0.4 0

0 20128 0.4 0

0 20128.4 0.4 0

0 20128.8 0.4 0

0 20129.2 0.4 0

0 20129.6 0.4 0

0 20130 0.4 0

0 20130.4 0.4 0

0 20130.8 0.4 0

0 20131.2 0.4 0

0 20131.6 0.4 0

0 20132 0.4 0

0 20132.4 0.4 0

0 20132.8 0.4 0

0 20133.2 0.4 0

0 20133.6 0.4 0

0 20134 0.4 0

0 20134.4 0.4 0

0 20134.8 0.4 0

0 20135.2 0.4 0

0 20135.6 0.4 0

0 20136 0.4 0

0 20136.4 0.4 0

0 20136.8 0.4 0

0 20137.2 0.4 0

0 20137.6 0.4 0

0 20138 0.4 0

0 20138.4 0.4 0

0 20138.8 0.4 0

0 20139.2 0.4 0

0 20139.6 0.4 0

0 20140 0.4 0

0 20140.4 0.4 0

0 20140.8 0.4 0

0 20141.2 0.4 0

0 20141.6 0.4 0

0 20142 0.4 0

0 20142.4 0.4 0

0 20142.8 0.4 0

0 20143.2 0.4 0

0 20143.6 0.4 0

0 20144 0.4 0

0 20144.4 0.4 0

0 20144.8 0.4 0

0 20145.2 0.4 0

0 20145.6 0.4 0

0 20146 0.4 0

0 20146.4 0.4 0

0 20146.8 0.4 0

0 20147.2 0.4 0

0 20147.6 0.4 0

0 20148 0.4 0

0 20148.4 0.4 0

0 20148.8 0.4 0

0 20149.2 0.4 0

0 20149.6 0.4 0

0 20150 0.4 0

0 20150.4 0.4 0

0 20150.8 0.4 0

0 20151.2 0.4 0

0 20151.6 0.4 0

0 20152 0.4 0

0 20152.4 0.4 0

0 20152.8 0.4 0

0 20153.2 0.4 0

0 20153.6 0.4 0

0 20154 0.4 0

0 20154.4 0.4 0

0 20154.8 0.4 0

0 20155.2 0.4 0

0 20155.6 0.4 0

0 20156 0.4 0

0 20156.4 0.4 0

0 20156.8 0.4 0

0 20157.2 0.4 0

0 20157.6 0.4 0

0 20158 0.4 0

0 20158.4 0.4 0

0 20158.8 0.4 0

0 20159.2 0.4 0

0 20159.6 0.4 0

0 20160 0.4 0

0 20160.4 0.4 0

0 20160.8 0.4 0

0 20161.2 0.4 0

0 20161.6 0.4 0

0 20162 0.4 0

0 20162.4 0.4 0

0 20162.8 0.4 0

0 20163.2 0.4 0

0 20163.6 0.4 0

0 20164 0.4 0

0 20164.4 0.4 0

0 20164.8 0.4 0

0 20165.2 0.4 0

0 20165.6 0.4 0

0 20166 0.4 0

0 20166.4 0.4 0

0 20166.8 0.4 0

0 20167.2 0.4 0

0 20167.6 0.4 0

0 20168 0.4 0

0 20168.4 0.4 0

0 20168.8 0.4 0

0 20169.2 0.4 0

0 20169.6 0.4 0

0 20170 0.4 0

0 20170.4 0.4 0

0 20170.8 0.4 0

0 20171.2 0.4 0

0 20171.6 0.4 0

0 20172 0.4 0

0 20172.4 0.4 0

0 20172.8 0.4 0

0 20173.2 0.4 0

0 20173.6 0.4 0

0 20174 0.4 0

0 20174.4 0.4 0

0 20174.8 0.4 0

0 20175.2 0.4 0

0 20175.6 0.4 0

0 20176 0.4 0

0 20176.4 0.4 0

0 20176.8 0.4 0

0 20177.2 0.4 0

0 20177.6 0.4 0

0 20178 0.4 0

0 20178.4 0.4 0

0 20178.8 0.4 0

0 20179.2 0.4 0

0 20179.6 0.4 0

0 20180 0.4 0

0 20180.4 0.4 0

0 20180.8 0.4 0

0 20181.2 0.4 0

0 20181.6 0.4 0

0 20182 0.4 0

0 20182.4 0.4 0

0 20182.8 0.4 0

0 20183.2 0.4 0

0 20183.6 0.4 0

0 20184 0.4 0

0 20184.4 0.4 0

0 20184.8 0.4 0

0 20185.2 0.4 0

0 20185.6 0.4 0

0 20186 0.4 0

0 20186.4 0.4 0

0 20186.8 0.4 0

0 20187.2 0.4 0

0 20187.6 0.4 0

0 20188 0.4 0

0 20188.4 0.4 0

0 20188.8 0.4 0

0 20189.2 0.4 0

0 20189.6 0.4 0

0 20190 0.4 0

0 20190.4 0.4 0

0 20190.8 0.4 0

0 20191.2 0.4 0

0 20191.6 0.4 0

0 20192 0.4 0

0 20192.4 0.4 0

0 20192.8 0.4 0

0 20193.2 0.4 0

0 20193.6 0.4 0

0 20194 0.4 0

0 20194.4 0.4 0

0 20194.8 0.4 0

0 20195.2 0.4 0

0 20195.6 0.4 0

0 20196 0.4 0

0 20196.4 0.4 0

0 20196.8 0.4 0

0 20197.2 0.4 0

0 20197.6 0.4 0

0 20198 0.4 0

0 20198.4 0.4 0

0 20198.8 0.4 0

0 20199.2 0.4 0

0 20199.6 0.4 0

0 20200 0.4 0

0 20200.4 0.4 0

0 20200.8 0.4 0

0 20201.2 0.4 0

0 20201.6 0.4 0

0 20202 0.4 0

0 20202.4 0.4 0

0 20202.8 0.4 0

0 20203.2 0.4 0

0 20203.6 0.4 0

0 20204 0.4 0

0 20204.4 0.4 0

0 20204.8 0.4 0

0 20205.2 0.4 0

0 20205.6 0.4 0

0 20206 0.4 0

0 20206.4 0.4 0

0 20206.8 0.4 0

0 20207.2 0.4 0

0 20207.6 0.4 0

0 20208 0.4 0

0 20208.4 0.4 0

0 20208.8 0.4 0

0 20209.2 0.4 0

0 20209.6 0.4 0

0 20210 0.4 0

0 20210.4 0.4 0

0 20210.8 0.4 0

0 20211.2 0.4 0

0 20211.6 0.4 0

0 20212 0.4 0

0 20212.4 0.4 0

0 20212.8 0.4 0

0 20213.2 0.4 0

0 20213.6 0.4 0

0 20214 0.4 0

0 20214.4 0.4 0

0 20214.8 0.4 0

0 20215.2 0.4 0

0 20215.6 0.4 0

0 20216 0.4 0

0 20216.4 0.4 0

0 20216.8 0.4 0

0 20217.2 0.4 0

0 20217.6 0.4 0

0 20218 0.4 0

0 20218.4 0.4 0

0 20218.8 0.4 0

0 20219.2 0.4 0

0 20219.6 0.4 0

0 20220 0.4 0

0 20220.4 0.4 0

0 20220.8 0.4 0

0 20221.2 0.4 0

0 20221.6 0.4 0

0 20222 0.4 0

0 20222.4 0.4 0

0 20222.8 0.4 0

0 20223.2 0.4 0

0 20223.6 0.4 0

0 20224 0.4 0

0 20224.4 0.4 0

0 20224.8 0.4 0

0 20225.2 0.4 0

0 20225.6 0.4 0

0 20226 0.4 0

0 20226.4 0.4 0

0 20226.8 0.4 0

0 20227.2 0.4 0

0 20227.6 0.4 0

0 20228 0.4 0

0 20228.4 0.4 0

0 20228.8 0.4 0

0 20229.2 0.4 0

0 20229.6 0.4 0

0 20230 0.4 0

0 20230.4 0.4 0

0 20230.8 0.4 0

0 20231.2 0.4 0

0 20231.6 0.4 0

0 20232 0.4 0

0 20232.4 0.4 0

0 20232.8 0.4 0

0 20233.2 0.4 0

0 20233.6 0.4 0

0 20234 0.4 0

0 20234.4 0.4 0

0 20234.8 0.4 0

0 20235.2 0.4 0

0 20235.6 0.4 0

0 20236 0.4 0

0 20236.4 0.4 0

0 20236.8 0.4 0

0 20237.2 0.4 0

0 20237.6 0.4 0

0 20238 0.4 0

0 20238.4 0.4 0

0 20238.8 0.4 0

0 20239.2 0.4 0

0 20239.6 0.4 0

0 20240 0.4 0

0 20240.4 0.4 0

0 20240.8 0.4 0

0 20241.2 0.4 0

0 20241.6 0.4 0

0 20242 0.4 0

0 20242.4 0.4 0

0 20242.8 0.4 0

0 20243.2 0.4 0

0 20243.6 0.4 0

0 20244 0.4 0

0 20244.4 0.4 0

0 20244.8 0.4 0

0 20245.2 0.4 0

0 20245.6 0.4 0

0 20246 0.4 0

0 20246.4 0.4 0

0 20246.8 0.4 0

0 20247.2 0.4 0

0 20247.6 0.4 0

0 20248 0.4 0

0 20248.4 0.4 0

0 20248.8 0.4 0

0 20249.2 0.4 0

0 20249.6 0.4 0

0 20250 0.4 0

0 20250.4 0.4 0

0 20250.8 0.4 0

0 20251.2 0.4 0

0 20251.6 0.4 0

0 20252 0.4 0

0 20252.4 0.4 0

0 20252.8 0.4 0

0 20253.2 0.4 0

0 20253.6 0.4 0

0 20254 0.4 0

0 20254.4 0.4 0

0 20254.8 0.4 0

0 20255.2 0.4 0

0 20255.6 0.4 0

0 20256 0.4 0

0 20256.4 0.4 0

0 20256.8 0.4 0

0 20257.2 0.4 0

0 20257.6 0.4 0

0 20258 0.4 0

0 20258.4 0.4 0

0 20258.8 0.4 0

0 20259.2 0.4 0

0 20259.6 0.4 0

0 20260 0.4 0

0 20260.4 0.4 0

0 20260.8 0.4 0

0 20261.2 0.4 0

0 20261.6 0.4 0

0 20262 0.4 0

0 20262.4 0.4 0

0 20262.8 0.4 0

0 20263.2 0.4 0

0 20263.6 0.4 0

0 20264 0.4 0

0 20264.4 0.4 0

0 20264.8 0.4 0

0 20265.2 0.4 0

0 20265.6 0.4 0

0 20266 0.4 0

0 20266.4 0.4 0

0 20266.8 0.4 0

0 20267.2 0.4 0

0 20267.6 0.4 0

0 20268 0.4 0

0 20268.4 0.4 0

0 20268.8 0.4 0

0 20269.2 0.4 0

0 20269.6 0.4 0

0 20270 0.4 0

0 20270.4 0.4 0

0 20270.8 0.4 0

0 20271.2 0.4 0

0 20271.6 0.4 0

0 20272 0.4 0

0 20272.4 0.4 0

0 20272.8 0.4 0

0 20273.2 0.4 0

0 20273.6 0.4 0

0 20274 0.4 0

0 20274.4 0.4 0

0 20274.8 0.4 0

0 20275.2 0.4 0

0 20275.6 0.4 0

0 20276 0.4 0

0 20276.4 0.4 0

0 20276.8 0.4 0

0 20277.2 0.4 0

0 20277.6 0.4 0

0 20278 0.4 0

0 20278.4 0.4 0

0 20278.8 0.4 0

0 20279.2 0.4 0

0 20279.6 0.4 0

0 20280 0.4 0

0 20280.4 0.4 0

0 20280.8 0.4 0

0 20281.2 0.4 0

0 20281.6 0.4 0

0 20282 0.4 0

0 20282.4 0.4 0

0 20282.8 0.4 0

0 20283.2 0.4 0

0 20283.6 0.4 0

0 20284 0.4 0

0 20284.4 0.4 0

0 20284.8 0.4 0

0 20285.2 0.4 0

0 20285.6 0.4 0

0 20286 0.4 0

0 20286.4 0.4 0

0 20286.8 0.4 0

0 20287.2 0.4 0

0 20287.6 0.4 0

0 20288 0.4 0

0 20288.4 0.4 0

0 20288.8 0.4 0

0 20289.2 0.4 0

0 20289.6 0.4 0

0 20290 0.4 0

0 20290.4 0.4 0

0 20290.8 0.4 0

0 20291.2 0.4 0

0 20291.6 0.4 0

0 20292 0.4 0

0 20292.4 0.4 0

0 20292.8 0.4 0

0 20293.2 0.4 0

0 20293.6 0.4 0

0 20294 0.4 0

0 20294.4 0.4 0

0 20294.8 0.4 0

0 20295.2 0.4 0

0 20295.6 0.4 0

0 20296 0.4 0

0 20296.4 0.4 0

0 20296.8 0.4 0

0 20297.2 0.4 0

0 20297.6 0.4 0

0 20298 0.4 0

0 20298.4 0.4 0

0 20298.8 0.4 0

0 20299.2 0.4 0

0 20299.6 0.4 0

0 20300 0.4 0

0 20300.4 0.4 0

0 20300.8 0.4 0

0 20301.2 0.4 0

0 20301.6 0.4 0

0 20302 0.4 0

0 20302.4 0.4 0

0 20302.8 0.4 0

0 20303.2 0.4 0

0 20303.6 0.4 0

0 20304 0.4 0

0 20304.4 0.4 0

0 20304.8 0.4 0

0 20305.2 0.4 0

0 20305.6 0.4 0

0 20306 0.4 0

0 20306.4 0.4 0

0 20306.8 0.4 0

0 20307.2 0.4 0

0 20307.6 0.4 0

0 20308 0.4 0

0 20308.4 0.4 0

0 20308.8 0.4 0

0 20309.2 0.4 0

0 20309.6 0.4 0

0 20310 0.4 0

0 20310.4 0.4 0

0 20310.8 0.4 0

0 20311.2 0.4 0

0 20311.6 0.4 0

0 20312 0.4 0

0 20312.4 0.4 0

0 20312.8 0.4 0

0 20313.2 0.4 0

0 20313.6 0.4 0

0 20314 0.4 0

0 20314.4 0.4 0

0 20314.8 0.4 0

0 20315.2 0.4 0

0 20315.6 0.4 0

0 20316 0.4 0

0 20316.4 0.4 0

0 20316.8 0.4 0

0 20317.2 0.4 0

0 20317.6 0.4 0

0 20318 0.4 0

0 20318.4 0.4 0

0 20318.8 0.4 0

0 20319.2 0.4 0

0 20319.6 0.4 0

0 20320 0.4 0

0 20320.4 0.4 0

0 20320.8 0.4 0

0 20321.2 0.4 0

0 20321.6 0.4 0

0 20322 0.4 0

0 20322.4 0.4 0

0 20322.8 0.4 0

0 20323.2 0.4 0

0 20323.6 0.4 0

0 20324 0.4 0

0 20324.4 0.4 0

0 20324.8 0.4 0

0 20325.2 0.4 0

0 20325.6 0.4 0

0 20326 0.4 0

0 20326.4 0.4 0

0 20326.8 0.4 0

0 20327.2 0.4 0

0 20327.6 0.4 0

0 20328 0.4 0

0 20328.4 0.4 0

0 20328.8 0.4 0

0 20329.2 0.4 0

0 20329.6 0.4 0

0 20330 0.4 0

0 20330.4 0.4 0

0 20330.8 0.4 0

0 20331.2 0.4 0

0 20331.6 0.4 0

0 20332 0.4 0

0 20332.4 0.4 0

0 20332.8 0.4 0

0 20333.2 0.4 0

0 20333.6 0.4 0

0 20334 0.4 0

0 20334.4 0.4 0

0 20334.8 0.4 0

0 20335.2 0.4 0

0 20335.6 0.4 0

0 20336 0.4 0

0 20336.4 0.4 0

0 20336.8 0.4 0

0 20337.2 0.4 0

0 20337.6 0.4 0

0 20338 0.4 0

0 20338.4 0.4 0

0 20338.8 0.4 0

0 20339.2 0.4 0

0 20339.6 0.4 0

0 20340 0.4 0

0 20340.4 0.4 0

0 20340.8 0.4 0

0 20341.2 0.4 0

0 20341.6 0.4 0

0 20342 0.4 0

0 20342.4 0.4 0

0 20342.8 0.4 0

0 20343.2 0.4 0

0 20343.6 0.4 0

0 20344 0.4 0

0 20344.4 0.4 0

0 20344.8 0.4 0

0 20345.2 0.4 0

0 20345.6 0.4 0

0 20346 0.4 0

0 20346.4 0.4 0

0 20346.8 0.4 0

0 20347.2 0.4 0

0 20347.6 0.4 0

0 20348 0.4 0

0 20348.4 0.4 0

0 20348.8 0.4 0

0 20349.2 0.4 0

0 20349.6 0.4 0

0 20350 0.4 0

0 20350.4 0.4 0

0 20350.8 0.4 0

0 20351.2 0.4 0

0 20351.6 0.4 0

0 20352 0.4 0

0 20352.4 0.4 0

0 20352.8 0.4 0

0 20353.2 0.4 0

0 20353.6 0.4 0

0 20354 0.4 0

0 20354.4 0.4 0

0 20354.8 0.4 0

0 20355.2 0.4 0

0 20355.6 0.4 0

0 20356 0.4 0

0 20356.4 0.4 0

0 20356.8 0.4 0

0 20357.2 0.4 0

0 20357.6 0.4 0

0 20358 0.4 0

0 20358.4 0.4 0

0 20358.8 0.4 0

0 20359.2 0.4 0

0 20359.6 0.4 0

0 20360 0.4 0

0 20360.4 0.4 0

0 20360.8 0.4 0

0 20361.2 0.4 0

0 20361.6 0.4 0

0 20362 0.4 0

0 20362.4 0.4 0

0 20362.8 0.4 0

0 20363.2 0.4 0

0 20363.6 0.4 0

0 20364 0.4 0

0 20364.4 0.4 0

0 20364.8 0.4 0

0 20365.2 0.4 0

0 20365.6 0.4 0

0 20366 0.4 0

0 20366.4 0.4 0

0 20366.8 0.4 0

0 20367.2 0.4 0

0 20367.6 0.4 0

0 20368 0.4 0

0 20368.4 0.4 0

0 20368.8 0.4 0

0 20369.2 0.4 0

0 20369.6 0.4 0

0 20370 0.4 0

0 20370.4 0.4 0

0 20370.8 0.4 0

0 20371.2 0.4 0

0 20371.6 0.4 0

0 20372 0.4 0

0 20372.4 0.4 0

0 20372.8 0.4 0

0 20373.2 0.4 0

0 20373.6 0.4 0

0 20374 0.4 0

0 20374.4 0.4 0

0 20374.8 0.4 0

0 20375.2 0.4 0

0 20375.6 0.4 0

0 20376 0.4 0

0 20376.4 0.4 0

0 20376.8 0.4 0

0 20377.2 0.4 0

0 20377.6 0.4 0

0 20378 0.4 0

0 20378.4 0.4 0

0 20378.8 0.4 0

0 20379.2 0.4 0

0 20379.6 0.4 0

0 20380 0.4 0

0 20380.4 0.4 0

0 20380.8 0.4 0

0 20381.2 0.4 0

0 20381.6 0.4 0

0 20382 0.4 0

0 20382.4 0.4 0

0 20382.8 0.4 0

0 20383.2 0.4 0

0 20383.6 0.4 0

0 20384 0.4 0

0 20384.4 0.4 0

0 20384.8 0.4 0

0 20385.2 0.4 0

0 20385.6 0.4 0

0 20386 0.4 0

0 20386.4 0.4 0

0 20386.8 0.4 0

0 20387.2 0.4 0

0 20387.6 0.4 0

0 20388 0.4 0

0 20388.4 0.4 0

0 20388.8 0.4 0

0 20389.2 0.4 0

0 20389.6 0.4 0

0 20390 0.4 0

0 20390.4 0.4 0

0 20390.8 0.4 0

0 20391.2 0.4 0

0 20391.6 0.4 0

0 20392 0.4 0

0 20392.4 0.4 0

0 20392.8 0.4 0

0 20393.2 0.4 0

0 20393.6 0.4 0

0 20394 0.4 0

0 20394.4 0.4 0

0 20394.8 0.4 0

0 20395.2 0.4 0

0 20395.6 0.4 0

0 20396 0.4 0

0 20396.4 0.4 0

0 20396.8 0.4 0

0 20397.2 0.4 0

0 20397.6 0.4 0

0 20398 0.4 0

0 20398.4 0.4 0

0 20398.8 0.4 0

0 20399.2 0.4 0

0 20399.6 0.4 0

0 20400 0.4 0

0 20400.4 0.4 0

0 20400.8 0.4 0

0 20401.2 0.4 0

0 20401.6 0.4 0

0 20402 0.4 0

0 20402.4 0.4 0

0 20402.8 0.4 0

0 20403.2 0.4 0

0 20403.6 0.4 0

0 20404 0.4 0

0 20404.4 0.4 0

0 20404.8 0.4 0

0 20405.2 0.4 0

0 20405.6 0.4 0

0 20406 0.4 0

0 20406.4 0.4 0

0 20406.8 0.4 0

0 20407.2 0.4 0

0 20407.6 0.4 0

0 20408 0.4 0

0 20408.4 0.4 0

0 20408.8 0.4 0

0 20409.2 0.4 0

0 20409.6 0.4 0

0 20410 0.4 0

0 20410.4 0.4 0

0 20410.8 0.4 0

0 20411.2 0.4 0

0 20411.6 0.4 0

0 20412 0.4 0

0 20412.4 0.4 0

0 20412.8 0.4 0

0 20413.2 0.4 0

0 20413.6 0.4 0

0 20414 0.4 0

0 20414.4 0.4 0

0 20414.8 0.4 0

0 20415.2 0.4 0

0 20415.6 0.4 0

0 20416 0.4 0

0 20416.4 0.4 0

0 20416.8 0.4 0

0 20417.2 0.4 0

0 20417.6 0.4 0

0 20418 0.4 0

0 20418.4 0.4 0

0 20418.8 0.4 0

0 20419.2 0.4 0

0 20419.6 0.4 0

0 20420 0.4 0

0 20420.4 0.4 0

0 20420.8 0.4 0

0 20421.2 0.4 0

0 20421.6 0.4 0

0 20422 0.4 0

0 20422.4 0.4 0

0 20422.8 0.4 0

0 20423.2 0.4 0

0 20423.6 0.4 0

0 20424 0.4 0

0 20424.4 0.4 0

0 20424.8 0.4 0

0 20425.2 0.4 0

0 20425.6 0.4 0

0 20426 0.4 0

0 20426.4 0.4 0

0 20426.8 0.4 0

0 20427.2 0.4 0

0 20427.6 0.4 0

0 20428 0.4 0

0 20428.4 0.4 0

0 20428.8 0.4 0

0 20429.2 0.4 0

0 20429.6 0.4 0

0 20430 0.4 0

0 20430.4 0.4 0

0 20430.8 0.4 0

0 20431.2 0.4 0

0 20431.6 0.4 0

0 20432 0.4 0

0 20432.4 0.4 0

0 20432.8 0.4 0

0 20433.2 0.4 0

0 20433.6 0.4 0

0 20434 0.4 0

0 20434.4 0.4 0

0 20434.8 0.4 0

0 20435.2 0.4 0

0 20435.6 0.4 0

0 20436 0.4 0

0 20436.4 0.4 0

0 20436.8 0.4 0

0 20437.2 0.4 0

0 20437.6 0.4 0

0 20438 0.4 0

0 20438.4 0.4 0

0 20438.8 0.4 0

0 20439.2 0.4 0

0 20439.6 0.4 0

0 20440 0.4 0

0 20440.4 0.4 0

0 20440.8 0.4 0

0 20441.2 0.4 0

0 20441.6 0.4 0

0 20442 0.4 0

0 20442.4 0.4 0

0 20442.8 0.4 0

0 20443.2 0.4 0

0 20443.6 0.4 0

0 20444 0.4 0

0 20444.4 0.4 0

0 20444.8 0.4 0

0 20445.2 0.4 0

0 20445.6 0.4 0

0 20446 0.4 0

0 20446.4 0.4 0

0 20446.8 0.4 0

0 20447.2 0.4 0

0 20447.6 0.4 0

0 20448 0.4 0

0 20448.4 0.4 0

0 20448.8 0.4 0

0 20449.2 0.4 0

0 20449.6 0.4 0

0 20450 0.4 0

0 20450.4 0.4 0

0 20450.8 0.4 0

0 20451.2 0.4 0

0 20451.6 0.4 0

0 20452 0.4 0

0 20452.4 0.4 0

0 20452.8 0.4 0

0 20453.2 0.4 0

0 20453.6 0.4 0

0 20454 0.4 0

0 20454.4 0.4 0

0 20454.8 0.4 0

0 20455.2 0.4 0

0 20455.6 0.4 0

0 20456 0.4 0

0 20456.4 0.4 0

0 20456.8 0.4 0

0 20457.2 0.4 0

0 20457.6 0.4 0

0 20458 0.4 0

0 20458.4 0.4 0

0 20458.8 0.4 0

0 20459.2 0.4 0

0 20459.6 0.4 0

0 20460 0.4 0

0 20460.4 0.4 0

0 20460.8 0.4 0

0 20461.2 0.4 0

0 20461.6 0.4 0

0 20462 0.4 0

0 20462.4 0.4 0

0 20462.8 0.4 0

0 20463.2 0.4 0

0 20463.6 0.4 0

0 20464 0.4 0

0 20464.4 0.4 0

0 20464.8 0.4 0

0 20465.2 0.4 0

0 20465.6 0.4 0

0 20466 0.4 0

0 20466.4 0.4 0

0 20466.8 0.4 0

0 20467.2 0.4 0

0 20467.6 0.4 0

0 20468 0.4 0

0 20468.4 0.4 0

0 20468.8 0.4 0

0 20469.2 0.4 0

0 20469.6 0.4 0

0 20470 0.4 0

0 20470.4 0.4 0

0 20470.8 0.4 0

0 20471.2 0.4 0

0 20471.6 0.4 0

0 20472 0.4 0

0 20472.4 0.4 0

0 20472.8 0.4 0

0 20473.2 0.4 0

0 20473.6 0.4 0

0 20474 0.4 0

0 20474.4 0.4 0

0 20474.8 0.4 0

0 20475.2 0.4 0

0 20475.6 0.4 0

0 20476 0.4 0

0 20476.4 0.4 0

0 20476.8 0.4 0

0 20477.2 0.4 0

0 20477.6 0.4 0

0 20478 0.4 0

0 20478.4 0.4 0

0 20478.8 0.4 0

0 20479.2 0.4 0

0 20479.6 0.4 0

0 20480 0.4 0

0 20480.4 0.4 0

0 20480.8 0.4 0

0 20481.2 0.4 0

0 20481.6 0.4 0

0 20482 0.4 0

0 20482.4 0.4 0

0 20482.8 0.4 0

0 20483.2 0.4 0

0 20483.6 0.4 0

0 20484 0.4 0

0 20484.4 0.4 0

0 20484.8 0.4 0

0 20485.2 0.4 0

0 20485.6 0.4 0

0 20486 0.4 0

0 20486.4 0.4 0

0 20486.8 0.4 0

0 20487.2 0.4 0

0 20487.6 0.4 0

0 20488 0.4 0

0 20488.4 0.4 0

0 20488.8 0.4 0

0 20489.2 0.4 0

0 20489.6 0.4 0

0 20490 0.4 0

0 20490.4 0.4 0

0 20490.8 0.4 0

0 20491.2 0.4 0

0 20491.6 0.4 0

0 20492 0.4 0

0 20492.4 0.4 0

0 20492.8 0.4 0

0 20493.2 0.4 0

0 20493.6 0.4 0

0 20494 0.4 0

0 20494.4 0.4 0

0 20494.8 0.4 0

0 20495.2 0.4 0

0 20495.6 0.4 0

0 20496 0.4 0

0 20496.4 0.4 0

0 20496.8 0.4 0

0 20497.2 0.4 0

0 20497.6 0.4 0

0 20498 0.4 0

0 20498.4 0.4 0

0 20498.8 0.4 0

0 20499.2 0.4 0

0 20499.6 0.4 0

0 20500 0.4 0

0 20500.4 0.4 0

0 20500.8 0.4 0

0 20501.2 0.4 0

0 20501.6 0.4 0

0 20502 0.4 0

0 20502.4 0.4 0

0 20502.8 0.4 0

0 20503.2 0.4 0

0 20503.6 0.4 0

0 20504 0.4 0

0 20504.4 0.4 0

0 20504.8 0.4 0

0 20505.2 0.4 0

0 20505.6 0.4 0

0 20506 0.4 0

0 20506.4 0.4 0

0 20506.8 0.4 0

0 20507.2 0.4 0

0 20507.6 0.4 0

0 20508 0.4 0

0 20508.4 0.4 0

0 20508.8 0.4 0

0 20509.2 0.4 0

0 20509.6 0.4 0

0 20510 0.4 0

0 20510.4 0.4 0

0 20510.8 0.4 0

0 20511.2 0.4 0

0 20511.6 0.4 0

0 20512 0.4 0

0 20512.4 0.4 0

0 20512.8 0.4 0

0 20513.2 0.4 0

0 20513.6 0.4 0

0 20514 0.4 0

0 20514.4 0.4 0

0 20514.8 0.4 0

0 20515.2 0.4 0

0 20515.6 0.4 0

0 20516 0.4 0

0 20516.4 0.4 0

0 20516.8 0.4 0

0 20517.2 0.4 0

0 20517.6 0.4 0

0 20518 0.4 0

0 20518.4 0.4 0

0 20518.8 0.4 0

0 20519.2 0.4 0

0 20519.6 0.4 0

0 20520 0.4 0

0 20520.4 0.4 0

0 20520.8 0.4 0

0 20521.2 0.4 0

0 20521.6 0.4 0

0 20522 0.4 0

0 20522.4 0.4 0

0 20522.8 0.4 0

0 20523.2 0.4 0

0 20523.6 0.4 0

0 20524 0.4 0

0 20524.4 0.4 0

0 20524.8 0.4 0

0 20525.2 0.4 0

0 20525.6 0.4 0

0 20526 0.4 0

0 20526.4 0.4 0

0 20526.8 0.4 0

0 20527.2 0.4 0

0 20527.6 0.4 0

0 20528 0.4 0

0 20528.4 0.4 0

0 20528.8 0.4 0

0 20529.2 0.4 0

0 20529.6 0.4 0

0 20530 0.4 0

0 20530.4 0.4 0

0 20530.8 0.4 0

0 20531.2 0.4 0

0 20531.6 0.4 0

0 20532 0.4 0

0 20532.4 0.4 0

0 20532.8 0.4 0

0 20533.2 0.4 0

0 20533.6 0.4 0

0 20534 0.4 0

0 20534.4 0.4 0

0 20534.8 0.4 0

0 20535.2 0.4 0

0 20535.6 0.4 0

0 20536 0.4 0

0 20536.4 0.4 0

0 20536.8 0.4 0

0 20537.2 0.4 0

0 20537.6 0.4 0

0 20538 0.4 0

0 20538.4 0.4 0

0 20538.8 0.4 0

0 20539.2 0.4 0

0 20539.6 0.4 0

0 20540 0.4 0

0 20540.4 0.4 0

0 20540.8 0.4 0

0 20541.2 0.4 0

0 20541.6 0.4 0

0 20542 0.4 0

0 20542.4 0.4 0

0 20542.8 0.4 0

0 20543.2 0.4 0

0 20543.6 0.4 0

0 20544 0.4 0

0 20544.4 0.4 0

0 20544.8 0.4 0

0 20545.2 0.4 0

0 20545.6 0.4 0

0 20546 0.4 0

0 20546.4 0.4 0

0 20546.8 0.4 0

0 20547.2 0.4 0

0 20547.6 0.4 0

0 20548 0.4 0

0 20548.4 0.4 0

0 20548.8 0.4 0

0 20549.2 0.4 0

0 20549.6 0.4 0

0 20550 0.4 0

0 20550.4 0.4 0

0 20550.8 0.4 0

0 20551.2 0.4 0

0 20551.6 0.4 0

0 20552 0.4 0

0 20552.4 0.4 0

0 20552.8 0.4 0

0 20553.2 0.4 0

0 20553.6 0.4 0

0 20554 0.4 0

0 20554.4 0.4 0

0 20554.8 0.4 0

0 20555.2 0.4 0

0 20555.6 0.4 0

0 20556 0.4 0

0 20556.4 0.4 0

0 20556.8 0.4 0

0 20557.2 0.4 0

0 20557.6 0.4 0

0 20558 0.4 0

0 20558.4 0.4 0

0 20558.8 0.4 0

0 20559.2 0.4 0

0 20559.6 0.4 0

0 20560 0.4 0

0 20560.4 0.4 0

0 20560.8 0.4 0

0 20561.2 0.4 0

0 20561.6 0.4 0

0 20562 0.4 0

0 20562.4 0.4 0

0 20562.8 0.4 0

0 20563.2 0.4 0

0 20563.6 0.4 0

0 20564 0.4 0

0 20564.4 0.4 0

0 20564.8 0.4 0

0 20565.2 0.4 0

0 20565.6 0.4 0

0 20566 0.4 0

0 20566.4 0.4 0

0 20566.8 0.4 0

0 20567.2 0.4 0

0 20567.6 0.4 0

0 20568 0.4 0

0 20568.4 0.4 0

0 20568.8 0.4 0

0 20569.2 0.4 0

0 20569.6 0.4 0

0 20570 0.4 0

0 20570.4 0.4 0

0 20570.8 0.4 0

0 20571.2 0.4 0

0 20571.6 0.4 0

0 20572 0.4 0

0 20572.4 0.4 0

0 20572.8 0.4 0

0 20573.2 0.4 0

0 20573.6 0.4 0

0 20574 0.4 0

0 20574.4 0.4 0

0 20574.8 0.4 0

0 20575.2 0.4 0

0 20575.6 0.4 0

0 20576 0.4 0

0 20576.4 0.4 0

0 20576.8 0.4 0

0 20577.2 0.4 0

0 20577.6 0.4 0

0 20578 0.4 0

0 20578.4 0.4 0

0 20578.8 0.4 0

0 20579.2 0.4 0

0 20579.6 0.4 0

0 20580 0.4 0

0 20580.4 0.4 0

0 20580.8 0.4 0

0 20581.2 0.4 0

0 20581.6 0.4 0

0 20582 0.4 0

0 20582.4 0.4 0

0 20582.8 0.4 0

0 20583.2 0.4 0

0 20583.6 0.4 0

0 20584 0.4 0

0 20584.4 0.4 0

0 20584.8 0.4 0

0 20585.2 0.4 0

0 20585.6 0.4 0

0 20586 0.4 0

0 20586.4 0.4 0

0 20586.8 0.4 0

0 20587.2 0.4 0

0 20587.6 0.4 0

0 20588 0.4 0

0 20588.4 0.4 0

0 20588.8 0.4 0

0 20589.2 0.4 0

0 20589.6 0.4 0

0 20590 0.4 0

0 20590.4 0.4 0

0 20590.8 0.4 0

0 20591.2 0.4 0

0 20591.6 0.4 0

0 20592 0.4 0

0 20592.4 0.4 0

0 20592.8 0.4 0

0 20593.2 0.4 0

0 20593.6 0.4 0

0 20594 0.4 0

0 20594.4 0.4 0

0 20594.8 0.4 0

0 20595.2 0.4 0

0 20595.6 0.4 0

0 20596 0.4 0

0 20596.4 0.4 0

0 20596.8 0.4 0

0 20597.2 0.4 0

0 20597.6 0.4 0

0 20598 0.4 0

0 20598.4 0.4 0

0 20598.8 0.4 0

0 20599.2 0.4 0

0 20599.6 0.4 0

0 20600 0.4 0

0 20600.4 0.4 0

0 20600.8 0.4 0

0 20601.2 0.4 0

0 20601.6 0.4 0

0 20602 0.4 0

0 20602.4 0.4 0

0 20602.8 0.4 0

0 20603.2 0.4 0

0 20603.6 0.4 0

0 20604 0.4 0

0 20604.4 0.4 0

0 20604.8 0.4 0

0 20605.2 0.4 0

0 20605.6 0.4 0

0 20606 0.4 0

0 20606.4 0.4 0

0 20606.8 0.4 0

0 20607.2 0.4 0

0 20607.6 0.4 0

0 20608 0.4 0

0 20608.4 0.4 0

0 20608.8 0.4 0

0 20609.2 0.4 0

0 20609.6 0.4 0

0 20610 0.4 0

0 20610.4 0.4 0

0 20610.8 0.4 0

0 20611.2 0.4 0

0 20611.6 0.4 0

0 20612 0.4 0

0 20612.4 0.4 0

0 20612.8 0.4 0

0 20613.2 0.4 0

0 20613.6 0.4 0

0 20614 0.4 0

0 20614.4 0.4 0

0 20614.8 0.4 0

0 20615.2 0.4 0

0 20615.6 0.4 0

0 20616 0.4 0

0 20616.4 0.4 0

0 20616.8 0.4 0

0 20617.2 0.4 0

0 20617.6 0.4 0

0 20618 0.4 0

0 20618.4 0.4 0

0 20618.8 0.4 0

0 20619.2 0.4 0

0 20619.6 0.4 0

0 20620 0.4 0

0 20620.4 0.4 0

0 20620.8 0.4 0

0 20621.2 0.4 0

0 20621.6 0.4 0

0 20622 0.4 0

0 20622.4 0.4 0

0 20622.8 0.4 0

0 20623.2 0.4 0

0 20623.6 0.4 0

0 20624 0.4 0

0 20624.4 0.4 0

0 20624.8 0.4 0

0 20625.2 0.4 0

0 20625.6 0.4 0

0 20626 0.4 0

0 20626.4 0.4 0

0 20626.8 0.4 0

0 20627.2 0.4 0

0 20627.6 0.4 0

0 20628 0.4 0

0 20628.4 0.4 0

0 20628.8 0.4 0

0 20629.2 0.4 0

0 20629.6 0.4 0

0 20630 0.4 0

0 20630.4 0.4 0

0 20630.8 0.4 0

0 20631.2 0.4 0

0 20631.6 0.4 0

0 20632 0.4 0

0 20632.4 0.4 0

0 20632.8 0.4 0

0 20633.2 0.4 0

0 20633.6 0.4 0

0 20634 0.4 0

0 20634.4 0.4 0

0 20634.8 0.4 0

0 20635.2 0.4 0

0 20635.6 0.4 0

0 20636 0.4 0

0 20636.4 0.4 0

0 20636.8 0.4 0

0 20637.2 0.4 0

0 20637.6 0.4 0

0 20638 0.4 0

0 20638.4 0.4 0

0 20638.8 0.4 0

0 20639.2 0.4 0

0 20639.6 0.4 0

0 20640 0.4 0

0 20640.4 0.4 0

0 20640.8 0.4 0

0 20641.2 0.4 0

0 20641.6 0.4 0

0 20642 0.4 0

0 20642.4 0.4 0

0 20642.8 0.4 0

0 20643.2 0.4 0

0 20643.6 0.4 0

0 20644 0.4 0

0 20644.4 0.4 0

0 20644.8 0.4 0

0 20645.2 0.4 0

0 20645.6 0.4 0

0 20646 0.4 0

0 20646.4 0.4 0

0 20646.8 0.4 0

0 20647.2 0.4 0

0 20647.6 0.4 0

0 20648 0.4 0

0 20648.4 0.4 0

0 20648.8 0.4 0

0 20649.2 0.4 0

0 20649.6 0.4 0

0 20650 0.4 0

0 20650.4 0.4 0

0 20650.8 0.4 0

0 20651.2 0.4 0

0 20651.6 0.4 0

0 20652 0.4 0

0 20652.4 0.4 0

0 20652.8 0.4 0

0 20653.2 0.4 0

0 20653.6 0.4 0

0 20654 0.4 0

0 20654.4 0.4 0

0 20654.8 0.4 0

0 20655.2 0.4 0

0 20655.6 0.4 0

0 20656 0.4 0

0 20656.4 0.4 0

0 20656.8 0.4 0

0 20657.2 0.4 0

0 20657.6 0.4 0

0 20658 0.4 0

0 20658.4 0.4 0

0 20658.8 0.4 0

0 20659.2 0.4 0

0 20659.6 0.4 0

0 20660 0.4 0

0 20660.4 0.4 0

0 20660.8 0.4 0

0 20661.2 0.4 0

0 20661.6 0.4 0

0 20662 0.4 0

0 20662.4 0.4 0

0 20662.8 0.4 0

0 20663.2 0.4 0

0 20663.6 0.4 0

0 20664 0.4 0

0 20664.4 0.4 0

0 20664.8 0.4 0

0 20665.2 0.4 0

0 20665.6 0.4 0

0 20666 0.4 0

0 20666.4 0.4 0

0 20666.8 0.4 0

0 20667.2 0.4 0

0 20667.6 0.4 0

0 20668 0.4 0

0 20668.4 0.4 0

0 20668.8 0.4 0

0 20669.2 0.4 0

0 20669.6 0.4 0

0 20670 0.4 0

0 20670.4 0.4 0

0 20670.8 0.4 0

0 20671.2 0.4 0

0 20671.6 0.4 0

0 20672 0.4 0

0 20672.4 0.4 0

0 20672.8 0.4 0

0 20673.2 0.4 0

0 20673.6 0.4 0

0 20674 0.4 0

0 20674.4 0.4 0

0 20674.8 0.4 0

0 20675.2 0.4 0

0 20675.6 0.4 0

0 20676 0.4 0

0 20676.4 0.4 0

0 20676.8 0.4 0

0 20677.2 0.4 0

0 20677.6 0.4 0

0 20678 0.4 0

0 20678.4 0.4 0

0 20678.8 0.4 0

0 20679.2 0.4 0

0 20679.6 0.4 0

0 20680 0.4 0

0 20680.4 0.4 0

0 20680.8 0.4 0

0 20681.2 0.4 0

0 20681.6 0.4 0

0 20682 0.4 0

0 20682.4 0.4 0

0 20682.8 0.4 0

0 20683.2 0.4 0

0 20683.6 0.4 0

0 20684 0.4 0

0 20684.4 0.4 0

0 20684.8 0.4 0

0 20685.2 0.4 0

0 20685.6 0.4 0

0 20686 0.4 0

0 20686.4 0.4 0

0 20686.8 0.4 0

0 20687.2 0.4 0

0 20687.6 0.4 0

0 20688 0.4 0

0 20688.4 0.4 0

0 20688.8 0.4 0

0 20689.2 0.4 0

0 20689.6 0.4 0

0 20690 0.4 0

0 20690.4 0.4 0

0 20690.8 0.4 0

0 20691.2 0.4 0

0 20691.6 0.4 0

0 20692 0.4 0

0 20692.4 0.4 0

0 20692.8 0.4 0

0 20693.2 0.4 0

0 20693.6 0.4 0

0 20694 0.4 0

0 20694.4 0.4 0

0 20694.8 0.4 0

0 20695.2 0.4 0

0 20695.6 0.4 0

0 20696 0.4 0

0 20696.4 0.4 0

0 20696.8 0.4 0

0 20697.2 0.4 0

0 20697.6 0.4 0

0 20698 0.4 0

0 20698.4 0.4 0

0 20698.8 0.4 0

0 20699.2 0.4 0

0 20699.6 0.4 0

0 20700 0.4 0

0 20700.4 0.4 0

0 20700.8 0.4 0

0 20701.2 0.4 0

0 20701.6 0.4 0

0 20702 0.4 0

0 20702.4 0.4 0

0 20702.8 0.4 0

0 20703.2 0.4 0

0 20703.6 0.4 0

0 20704 0.4 0

0 20704.4 0.4 0

0 20704.8 0.4 0

0 20705.2 0.4 0

0 20705.6 0.4 0

0 20706 0.4 0

0 20706.4 0.4 0

0 20706.8 0.4 0

0 20707.2 0.4 0

0 20707.6 0.4 0

0 20708 0.4 0

0 20708.4 0.4 0

0 20708.8 0.4 0

0 20709.2 0.4 0

0 20709.6 0.4 0

0 20710 0.4 0

0 20710.4 0.4 0

0 20710.8 0.4 0

0 20711.2 0.4 0

0 20711.6 0.4 0

0 20712 0.4 0

0 20712.4 0.4 0

0 20712.8 0.4 0

0 20713.2 0.4 0

0 20713.6 0.4 0

0 20714 0.4 0

0 20714.4 0.4 0

0 20714.8 0.4 0

0 20715.2 0.4 0

0 20715.6 0.4 0

0 20716 0.4 0

0 20716.4 0.4 0

0 20716.8 0.4 0

0 20717.2 0.4 0

0 20717.6 0.4 0

0 20718 0.4 0

0 20718.4 0.4 0

0 20718.8 0.4 0

0 20719.2 0.4 0

0 20719.6 0.4 0

0 20720 0.4 0

0 20720.4 0.4 0

0 20720.8 0.4 0

0 20721.2 0.4 0

0 20721.6 0.4 0

0 20722 0.4 0

0 20722.4 0.4 0

0 20722.8 0.4 0

0 20723.2 0.4 0

0 20723.6 0.4 0

0 20724 0.4 0

0 20724.4 0.4 0

0 20724.8 0.4 0

0 20725.2 0.4 0

0 20725.6 0.4 0

0 20726 0.4 0

0 20726.4 0.4 0

0 20726.8 0.4 0

0 20727.2 0.4 0

0 20727.6 0.4 0

0 20728 0.4 0

0 20728.4 0.4 0

0 20728.8 0.4 0

0 20729.2 0.4 0

0 20729.6 0.4 0

0 20730 0.4 0

0 20730.4 0.4 0

0 20730.8 0.4 0

0 20731.2 0.4 0

0 20731.6 0.4 0

0 20732 0.4 0

0 20732.4 0.4 0

0 20732.8 0.4 0

0 20733.2 0.4 0

0 20733.6 0.4 0

0 20734 0.4 0

0 20734.4 0.4 0

0 20734.8 0.4 0

0 20735.2 0.4 0

0 20735.6 0.4 0

0 20736 0.4 0

0 20736.4 0.4 0

0 20736.8 0.4 0

0 20737.2 0.4 0

0 20737.6 0.4 0

0 20738 0.4 0

0 20738.4 0.4 0

0 20738.8 0.4 0

0 20739.2 0.4 0

0 20739.6 0.4 0

0 20740 0.4 0

0 20740.4 0.4 0

0 20740.8 0.4 0

0 20741.2 0.4 0

0 20741.6 0.4 0

0 20742 0.4 0

0 20742.4 0.4 0

0 20742.8 0.4 0

0 20743.2 0.4 0

0 20743.6 0.4 0

0 20744 0.4 0

0 20744.4 0.4 0

0 20744.8 0.4 0

0 20745.2 0.4 0

0 20745.6 0.4 0

0 20746 0.4 0

0 20746.4 0.4 0

0 20746.8 0.4 0

0 20747.2 0.4 0

0 20747.6 0.4 0

0 20748 0.4 0

0 20748.4 0.4 0

0 20748.8 0.4 0

0 20749.2 0.4 0

0 20749.6 0.4 0

0 20750 0.4 0

0 20750.4 0.4 0

0 20750.8 0.4 0

0 20751.2 0.4 0

0 20751.6 0.4 0

0 20752 0.4 0

0 20752.4 0.4 0

0 20752.8 0.4 0

0 20753.2 0.4 0

0 20753.6 0.4 0

0 20754 0.4 0

0 20754.4 0.4 0

0 20754.8 0.4 0

0 20755.2 0.4 0

0 20755.6 0.4 0

0 20756 0.4 0

0 20756.4 0.4 0

0 20756.8 0.4 0

0 20757.2 0.4 0

0 20757.6 0.4 0

0 20758 0.4 0

0 20758.4 0.4 0

0 20758.8 0.4 0

0 20759.2 0.4 0

0 20759.6 0.4 0

0 20760 0.4 0

0 20760.4 0.4 0

0 20760.8 0.4 0

0 20761.2 0.4 0

0 20761.6 0.4 0

0 20762 0.4 0

0 20762.4 0.4 0

0 20762.8 0.4 0

0 20763.2 0.4 0

0 20763.6 0.4 0

0 20764 0.4 0

0 20764.4 0.4 0

0 20764.8 0.4 0

0 20765.2 0.4 0

0 20765.6 0.4 0

0 20766 0.4 0

0 20766.4 0.4 0

0 20766.8 0.4 0

0 20767.2 0.4 0

0 20767.6 0.4 0

0 20768 0.4 0

0 20768.4 0.4 0

0 20768.8 0.4 0

0 20769.2 0.4 0

0 20769.6 0.4 0

0 20770 0.4 0

0 20770.4 0.4 0

0 20770.8 0.4 0

0 20771.2 0.4 0

0 20771.6 0.4 0

0 20772 0.4 0

0 20772.4 0.4 0

0 20772.8 0.4 0

0 20773.2 0.4 0

0 20773.6 0.4 0

0 20774 0.4 0

0 20774.4 0.4 0

0 20774.8 0.4 0

0 20775.2 0.4 0

0 20775.6 0.4 0

0 20776 0.4 0

0 20776.4 0.4 0

0 20776.8 0.4 0

0 20777.2 0.4 0

0 20777.6 0.4 0

0 20778 0.4 0

0 20778.4 0.4 0

0 20778.8 0.4 0

0 20779.2 0.4 0

0 20779.6 0.4 0

0 20780 0.4 0

0 20780.4 0.4 0

0 20780.8 0.4 0

0 20781.2 0.4 0

0 20781.6 0.4 0

0 20782 0.4 0

0 20782.4 0.4 0

0 20782.8 0.4 0

0 20783.2 0.4 0

0 20783.6 0.4 0

0 20784 0.4 0

0 20784.4 0.4 0

0 20784.8 0.4 0

0 20785.2 0.4 0

0 20785.6 0.4 0

0 20786 0.4 0

0 20786.4 0.4 0

0 20786.8 0.4 0

0 20787.2 0.4 0

0 20787.6 0.4 0

0 20788 0.4 0

0 20788.4 0.4 0

0 20788.8 0.4 0

0 20789.2 0.4 0

0 20789.6 0.4 0

0 20790 0.4 0

0 20790.4 0.4 0

0 20790.8 0.4 0

0 20791.2 0.4 0

0 20791.6 0.4 0

0 20792 0.4 0

0 20792.4 0.4 0

0 20792.8 0.4 0

0 20793.2 0.4 0

0 20793.6 0.4 0

0 20794 0.4 0

0 20794.4 0.4 0

0 20794.8 0.4 0

0 20795.2 0.4 0

0 20795.6 0.4 0

0 20796 0.4 0

0 20796.4 0.4 0

0 20796.8 0.4 0

0 20797.2 0.4 0

0 20797.6 0.4 0

0 20798 0.4 0

0 20798.4 0.4 0

0 20798.8 0.4 0

0 20799.2 0.4 0

0 20799.6 0.4 0

0 20800 0.4 0

0 20800.4 0.4 0

0 20800.8 0.4 0

0 20801.2 0.4 0

0 20801.6 0.4 0

0 20802 0.4 0

0 20802.4 0.4 0

0 20802.8 0.4 0

0 20803.2 0.4 0

0 20803.6 0.4 0

0 20804 0.4 0

0 20804.4 0.4 0

0 20804.8 0.4 0

0 20805.2 0.4 0

0 20805.6 0.4 0

0 20806 0.4 0

0 20806.4 0.4 0

0 20806.8 0.4 0

0 20807.2 0.4 0

0 20807.6 0.4 0

0 20808 0.4 0

0 20808.4 0.4 0

0 20808.8 0.4 0

0 20809.2 0.4 0

0 20809.6 0.4 0

0 20810 0.4 0

0 20810.4 0.4 0

0 20810.8 0.4 0

0 20811.2 0.4 0

0 20811.6 0.4 0

0 20812 0.4 0

0 20812.4 0.4 0

0 20812.8 0.4 0

0 20813.2 0.4 0

0 20813.6 0.4 0

0 20814 0.4 0

0 20814.4 0.4 0

0 20814.8 0.4 0

0 20815.2 0.4 0

0 20815.6 0.4 0

0 20816 0.4 0

0 20816.4 0.4 0

0 20816.8 0.4 0

0 20817.2 0.4 0

0 20817.6 0.4 0

0 20818 0.4 0

0 20818.4 0.4 0

0 20818.8 0.4 0

0 20819.2 0.4 0

0 20819.6 0.4 0

0 20820 0.4 0

0 20820.4 0.4 0

0 20820.8 0.4 0

0 20821.2 0.4 0

0 20821.6 0.4 0

0 20822 0.4 0

0 20822.4 0.4 0

0 20822.8 0.4 0

0 20823.2 0.4 0

0 20823.6 0.4 0

0 20824 0.4 0

0 20824.4 0.4 0

0 20824.8 0.4 0

0 20825.2 0.4 0

0 20825.6 0.4 0

0 20826 0.4 0

0 20826.4 0.4 0

0 20826.8 0.4 0

0 20827.2 0.4 0

0 20827.6 0.4 0

0 20828 0.4 0

0 20828.4 0.4 0

0 20828.8 0.4 0

0 20829.2 0.4 0

0 20829.6 0.4 0

0 20830 0.4 0

0 20830.4 0.4 0

0 20830.8 0.4 0

0 20831.2 0.4 0

0 20831.6 0.4 0

0 20832 0.4 0

0 20832.4 0.4 0

0 20832.8 0.4 0

0 20833.2 0.4 0

0 20833.6 0.4 0

0 20834 0.4 0

0 20834.4 0.4 0

0 20834.8 0.4 0

0 20835.2 0.4 0

0 20835.6 0.4 0

0 20836 0.4 0

0 20836.4 0.4 0

0 20836.8 0.4 0

0 20837.2 0.4 0

0 20837.6 0.4 0

0 20838 0.4 0

0 20838.4 0.4 0

0 20838.8 0.4 0

0 20839.2 0.4 0

0 20839.6 0.4 0

0 20840 0.4 0

0 20840.4 0.4 0

0 20840.8 0.4 0

0 20841.2 0.4 0

0 20841.6 0.4 0

0 20842 0.4 0

0 20842.4 0.4 0

0 20842.8 0.4 0

0 20843.2 0.4 0

0 20843.6 0.4 0

0 20844 0.4 0

0 20844.4 0.4 0

0 20844.8 0.4 0

0 20845.2 0.4 0

0 20845.6 0.4 0

0 20846 0.4 0

0 20846.4 0.4 0

0 20846.8 0.4 0

0 20847.2 0.4 0

0 20847.6 0.4 0

0 20848 0.4 0

0 20848.4 0.4 0

0 20848.8 0.4 0

0 20849.2 0.4 0

0 20849.6 0.4 0

0 20850 0.4 0

0 20850.4 0.4 0

0 20850.8 0.4 0

0 20851.2 0.4 0

0 20851.6 0.4 0

0 20852 0.4 0

0 20852.4 0.4 0

0 20852.8 0.4 0

0 20853.2 0.4 0

0 20853.6 0.4 0

0 20854 0.4 0

0 20854.4 0.4 0

0 20854.8 0.4 0

0 20855.2 0.4 0

0 20855.6 0.4 0

0 20856 0.4 0

0 20856.4 0.4 0

0 20856.8 0.4 0

0 20857.2 0.4 0

0 20857.6 0.4 0

0 20858 0.4 0

0 20858.4 0.4 0

0 20858.8 0.4 0

0 20859.2 0.4 0

0 20859.6 0.4 0

0 20860 0.4 0

0 20860.4 0.4 0

0 20860.8 0.4 0

0 20861.2 0.4 0

0 20861.6 0.4 0

0 20862 0.4 0

0 20862.4 0.4 0

0 20862.8 0.4 0

0 20863.2 0.4 0

0 20863.6 0.4 0

0 20864 0.4 0

0 20864.4 0.4 0

0 20864.8 0.4 0

0 20865.2 0.4 0

0 20865.6 0.4 0

0 20866 0.4 0

0 20866.4 0.4 0

0 20866.8 0.4 0

0 20867.2 0.4 0

0 20867.6 0.4 0

0 20868 0.4 0

0 20868.4 0.4 0

0 20868.8 0.4 0

0 20869.2 0.4 0

0 20869.6 0.4 0

0 20870 0.4 0

0 20870.4 0.4 0

0 20870.8 0.4 0

0 20871.2 0.4 0

0 20871.6 0.4 0

0 20872 0.4 0

0 20872.4 0.4 0

0 20872.8 0.4 0

0 20873.2 0.4 0

0 20873.6 0.4 0

0 20874 0.4 0

0 20874.4 0.4 0

0 20874.8 0.4 0

0 20875.2 0.4 0

0 20875.6 0.4 0

0 20876 0.4 0

0 20876.4 0.4 0

0 20876.8 0.4 0

0 20877.2 0.4 0

0 20877.6 0.4 0

0 20878 0.4 0

0 20878.4 0.4 0

0 20878.8 0.4 0

0 20879.2 0.4 0

0 20879.6 0.4 0

0 20880 0.4 0

0 20880.4 0.4 0

0 20880.8 0.4 0

0 20881.2 0.4 0

0 20881.6 0.4 0

0 20882 0.4 0

0 20882.4 0.4 0

0 20882.8 0.4 0

0 20883.2 0.4 0

0 20883.6 0.4 0

0 20884 0.4 0

0 20884.4 0.4 0

0 20884.8 0.4 0

0 20885.2 0.4 0

0 20885.6 0.4 0

0 20886 0.4 0

0 20886.4 0.4 0

0 20886.8 0.4 0

0 20887.2 0.4 0

0 20887.6 0.4 0

0 20888 0.4 0

0 20888.4 0.4 0

0 20888.8 0.4 0

0 20889.2 0.4 0

0 20889.6 0.4 0

0 20890 0.4 0

0 20890.4 0.4 0

0 20890.8 0.4 0

0 20891.2 0.4 0

0 20891.6 0.4 0

0 20892 0.4 0

0 20892.4 0.4 0

0 20892.8 0.4 0

0 20893.2 0.4 0

0 20893.6 0.4 0

0 20894 0.4 0

0 20894.4 0.4 0

0 20894.8 0.4 0

0 20895.2 0.4 0

0 20895.6 0.4 0

0 20896 0.4 0

0 20896.4 0.4 0

0 20896.8 0.4 0

0 20897.2 0.4 0

0 20897.6 0.4 0

0 20898 0.4 0

0 20898.4 0.4 0

0 20898.8 0.4 0

0 20899.2 0.4 0

0 20899.6 0.4 0

0 20900 0.4 0

0 20900.4 0.4 0

0 20900.8 0.4 0

0 20901.2 0.4 0

0 20901.6 0.4 0

0 20902 0.4 0

0 20902.4 0.4 0

0 20902.8 0.4 0

0 20903.2 0.4 0

0 20903.6 0.4 0

0 20904 0.4 0

0 20904.4 0.4 0

0 20904.8 0.4 0

0 20905.2 0.4 0

0 20905.6 0.4 0

0 20906 0.4 0

0 20906.4 0.4 0

0 20906.8 0.4 0

0 20907.2 0.4 0

0 20907.6 0.4 0

0 20908 0.4 0

0 20908.4 0.4 0

0 20908.8 0.4 0

0 20909.2 0.4 0

0 20909.6 0.4 0

0 20910 0.4 0

0 20910.4 0.4 0

0 20910.8 0.4 0

0 20911.2 0.4 0

0 20911.6 0.4 0

0 20912 0.4 0

0 20912.4 0.4 0

0 20912.8 0.4 0

0 20913.2 0.4 0

0 20913.6 0.4 0

0 20914 0.4 0

0 20914.4 0.4 0

0 20914.8 0.4 0

0 20915.2 0.4 0

0 20915.6 0.4 0

0 20916 0.4 0

0 20916.4 0.4 0

0 20916.8 0.4 0

0 20917.2 0.4 0

0 20917.6 0.4 0

0 20918 0.4 0

0 20918.4 0.4 0

0 20918.8 0.4 0

0 20919.2 0.4 0

0 20919.6 0.4 0

0 20920 0.4 0

0 20920.4 0.4 0

0 20920.8 0.4 0

0 20921.2 0.4 0

0 20921.6 0.4 0

0 20922 0.4 0

0 20922.4 0.4 0

0 20922.8 0.4 0

0 20923.2 0.4 0

0 20923.6 0.4 0

0 20924 0.4 0

0 20924.4 0.4 0

0 20924.8 0.4 0

0 20925.2 0.4 0

0 20925.6 0.4 0

0 20926 0.4 0

0 20926.4 0.4 0

0 20926.8 0.4 0

0 20927.2 0.4 0

0 20927.6 0.4 0

0 20928 0.4 0

0 20928.4 0.4 0

0 20928.8 0.4 0

0 20929.2 0.4 0

0 20929.6 0.4 0

0 20930 0.4 0

0 20930.4 0.4 0

0 20930.8 0.4 0

0 20931.2 0.4 0

0 20931.6 0.4 0

0 20932 0.4 0

0 20932.4 0.4 0

0 20932.8 0.4 0

0 20933.2 0.4 0

0 20933.6 0.4 0

0 20934 0.4 0

0 20934.4 0.4 0

0 20934.8 0.4 0

0 20935.2 0.4 0

0 20935.6 0.4 0

0 20936 0.4 0

0 20936.4 0.4 0

0 20936.8 0.4 0

0 20937.2 0.4 0

0 20937.6 0.4 0

0 20938 0.4 0

0 20938.4 0.4 0

0 20938.8 0.4 0

0 20939.2 0.4 0

0 20939.6 0.4 0

0 20940 0.4 0

0 20940.4 0.4 0

0 20940.8 0.4 0

0 20941.2 0.4 0

0 20941.6 0.4 0

0 20942 0.4 0

0 20942.4 0.4 0

0 20942.8 0.4 0

0 20943.2 0.4 0

0 20943.6 0.4 0

0 20944 0.4 0

0 20944.4 0.4 0

0 20944.8 0.4 0

0 20945.2 0.4 0

0 20945.6 0.4 0

0 20946 0.4 0

0 20946.4 0.4 0

0 20946.8 0.4 0

0 20947.2 0.4 0

0 20947.6 0.4 0

0 20948 0.4 0

0 20948.4 0.4 0

0 20948.8 0.4 0

0 20949.2 0.4 0

0 20949.6 0.4 0

0 20950 0.4 0

0 20950.4 0.4 0

0 20950.8 0.4 0

0 20951.2 0.4 0

0 20951.6 0.4 0

0 20952 0.4 0

0 20952.4 0.4 0

0 20952.8 0.4 0

0 20953.2 0.4 0

0 20953.6 0.4 0

0 20954 0.4 0

0 20954.4 0.4 0

0 20954.8 0.4 0

0 20955.2 0.4 0

0 20955.6 0.4 0

0 20956 0.4 0

0 20956.4 0.4 0

0 20956.8 0.4 0

0 20957.2 0.4 0

0 20957.6 0.4 0

0 20958 0.4 0

0 20958.4 0.4 0

0 20958.8 0.4 0

0 20959.2 0.4 0

0 20959.6 0.4 0

0 20960 0.4 0

0 20960.4 0.4 0

0 20960.8 0.4 0

0 20961.2 0.4 0

0 20961.6 0.4 0

0 20962 0.4 0

0 20962.4 0.4 0

0 20962.8 0.4 0

0 20963.2 0.4 0

0 20963.6 0.4 0

0 20964 0.4 0

0 20964.4 0.4 0

0 20964.8 0.4 0

0 20965.2 0.4 0

0 20965.6 0.4 0

0 20966 0.4 0

0 20966.4 0.4 0

0 20966.8 0.4 0

0 20967.2 0.4 0

0 20967.6 0.4 0

0 20968 0.4 0

0 20968.4 0.4 0

0 20968.8 0.4 0

0 20969.2 0.4 0

0 20969.6 0.4 0

0 20970 0.4 0

0 20970.4 0.4 0

0 20970.8 0.4 0

0 20971.2 0.4 0

0 20971.6 0.4 0

0 20972 0.4 0

0 20972.4 0.4 0

0 20972.8 0.4 0

0 20973.2 0.4 0

0 20973.6 0.4 0

0 20974 0.4 0

0 20974.4 0.4 0

0 20974.8 0.4 0

0 20975.2 0.4 0

0 20975.6 0.4 0

0 20976 0.4 0

0 20976.4 0.4 0

0 20976.8 0.4 0

0 20977.2 0.4 0

0 20977.6 0.4 0

0 20978 0.4 0

0 20978.4 0.4 0

0 20978.8 0.4 0

0 20979.2 0.4 0

0 20979.6 0.4 0

0 20980 0.4 0

0 20980.4 0.4 0

0 20980.8 0.4 0

0 20981.2 0.4 0

0 20981.6 0.4 0

0 20982 0.4 0

0 20982.4 0.4 0

0 20982.8 0.4 0

0 20983.2 0.4 0

0 20983.6 0.4 0

0 20984 0.4 0

0 20984.4 0.4 0

0 20984.8 0.4 0

0 20985.2 0.4 0

0 20985.6 0.4 0

0 20986 0.4 0

0 20986.4 0.4 0

0 20986.8 0.4 0

0 20987.2 0.4 0

0 20987.6 0.4 0

0 20988 0.4 0

0 20988.4 0.4 0

0 20988.8 0.4 0

0 20989.2 0.4 0

0 20989.6 0.4 0

0 20990 0.4 0

0 20990.4 0.4 0

0 20990.8 0.4 0

0 20991.2 0.4 0

0 20991.6 0.4 0

0 20992 0.4 0

0 20992.4 0.4 0

0 20992.8 0.4 0

0 20993.2 0.4 0

0 20993.6 0.4 0

0 20994 0.4 0

0 20994.4 0.4 0

0 20994.8 0.4 0

0 20995.2 0.4 0

0 20995.6 0.4 0

0 20996 0.4 0

0 20996.4 0.4 0

0 20996.8 0.4 0

0 20997.2 0.4 0

0 20997.6 0.4 0

0 20998 0.4 0

0 20998.4 0.4 0

0 20998.8 0.4 0

0 20999.2 0.4 0

0 20999.6 0.4 0

0 21000 0.4 0

0 21000.4 0.4 0

0 21000.8 0.4 0

0 21001.2 0.4 0

0 21001.6 0.4 0

0 21002 0.4 0

0 21002.4 0.4 0

0 21002.8 0.4 0

0 21003.2 0.4 0

0 21003.6 0.4 0

0 21004 0.4 0

0 21004.4 0.4 0

0 21004.8 0.4 0

0 21005.2 0.4 0

0 21005.6 0.4 0

0 21006 0.4 0

0 21006.4 0.4 0

0 21006.8 0.4 0

0 21007.2 0.4 0

0 21007.6 0.4 0

0 21008 0.4 0

0 21008.4 0.4 0

0 21008.8 0.4 0

0 21009.2 0.4 0

0 21009.6 0.4 0

0 21010 0.4 0

0 21010.4 0.4 0

0 21010.8 0.4 0

0 21011.2 0.4 0

0 21011.6 0.4 0

0 21012 0.4 0

0 21012.4 0.4 0

0 21012.8 0.4 0

0 21013.2 0.4 0

0 21013.6 0.4 0

0 21014 0.4 0

0 21014.4 0.4 0

0 21014.8 0.4 0

0 21015.2 0.4 0

0 21015.6 0.4 0

0 21016 0.4 0

0 21016.4 0.4 0

0 21016.8 0.4 0

0 21017.2 0.4 0

0 21017.6 0.4 0

0 21018 0.4 0

0 21018.4 0.4 0

0 21018.8 0.4 0

0 21019.2 0.4 0

0 21019.6 0.4 0

0 21020 0.4 0

0 21020.4 0.4 0

0 21020.8 0.4 0

0 21021.2 0.4 0

0 21021.6 0.4 0

0 21022 0.4 0

0 21022.4 0.4 0

0 21022.8 0.4 0

0 21023.2 0.4 0

0 21023.6 0.4 0

0 21024 0.4 0

0 21024.4 0.4 0

0 21024.8 0.4 0

0 21025.2 0.4 0

0 21025.6 0.4 0

0 21026 0.4 0

0 21026.4 0.4 0

0 21026.8 0.4 0

0 21027.2 0.4 0

0 21027.6 0.4 0

0 21028 0.4 0

0 21028.4 0.4 0

0 21028.8 0.4 0

0 21029.2 0.4 0

0 21029.6 0.4 0

0 21030 0.4 0

0 21030.4 0.4 0

0 21030.8 0.4 0

0 21031.2 0.4 0

0 21031.6 0.4 0

0 21032 0.4 0

0 21032.4 0.4 0

0 21032.8 0.4 0

0 21033.2 0.4 0

0 21033.6 0.4 0

0 21034 0.4 0

0 21034.4 0.4 0

0 21034.8 0.4 0

0 21035.2 0.4 0

0 21035.6 0.4 0

0 21036 0.4 0

0 21036.4 0.4 0

0 21036.8 0.4 0

0 21037.2 0.4 0

0 21037.6 0.4 0

0 21038 0.4 0

0 21038.4 0.4 0

0 21038.8 0.4 0

0 21039.2 0.4 0

0 21039.6 0.4 0

0 21040 0.4 0

0 21040.4 0.4 0

0 21040.8 0.4 0

0 21041.2 0.4 0

0 21041.6 0.4 0

0 21042 0.4 0

0 21042.4 0.4 0

0 21042.8 0.4 0

0 21043.2 0.4 0

0 21043.6 0.4 0

0 21044 0.4 0

0 21044.4 0.4 0

0 21044.8 0.4 0

0 21045.2 0.4 0

0 21045.6 0.4 0

0 21046 0.4 0

0 21046.4 0.4 0

0 21046.8 0.4 0

0 21047.2 0.4 0

0 21047.6 0.4 0

0 21048 0.4 0

0 21048.4 0.4 0

0 21048.8 0.4 0

0 21049.2 0.4 0

0 21049.6 0.4 0

0 21050 0.4 0

0 21050.4 0.4 0

0 21050.8 0.4 0

0 21051.2 0.4 0

0 21051.6 0.4 0

0 21052 0.4 0

0 21052.4 0.4 0

0 21052.8 0.4 0

0 21053.2 0.4 0

0 21053.6 0.4 0

0 21054 0.4 0

0 21054.4 0.4 0

0 21054.8 0.4 0

0 21055.2 0.4 0

0 21055.6 0.4 0

0 21056 0.4 0

0 21056.4 0.4 0

0 21056.8 0.4 0

0 21057.2 0.4 0

0 21057.6 0.4 0

0 21058 0.4 0

0 21058.4 0.4 0

0 21058.8 0.4 0

0 21059.2 0.4 0

0 21059.6 0.4 0

0 21060 0.4 0

0 21060.4 0.4 0

0 21060.8 0.4 0

0 21061.2 0.4 0

0 21061.6 0.4 0

0 21062 0.4 0

0 21062.4 0.4 0

0 21062.8 0.4 0

0 21063.2 0.4 0

0 21063.6 0.4 0

0 21064 0.4 0

0 21064.4 0.4 0

0 21064.8 0.4 0

0 21065.2 0.4 0

0 21065.6 0.4 0

0 21066 0.4 0

0 21066.4 0.4 0

0 21066.8 0.4 0

0 21067.2 0.4 0

0 21067.6 0.4 0

0 21068 0.4 0

0 21068.4 0.4 0

0 21068.8 0.4 0

0 21069.2 0.4 0

0 21069.6 0.4 0

0 21070 0.4 0

0 21070.4 0.4 0

0 21070.8 0.4 0

0 21071.2 0.4 0

0 21071.6 0.4 0

0 21072 0.4 0

0 21072.4 0.4 0

0 21072.8 0.4 0

0 21073.2 0.4 0

0 21073.6 0.4 0

0 21074 0.4 0

0 21074.4 0.4 0

0 21074.8 0.4 0

0 21075.2 0.4 0

0 21075.6 0.4 0

0 21076 0.4 0

0 21076.4 0.4 0

0 21076.8 0.4 0

0 21077.2 0.4 0

0 21077.6 0.4 0

0 21078 0.4 0

0 21078.4 0.4 0

0 21078.8 0.4 0

0 21079.2 0.4 0

0 21079.6 0.4 0

0 21080 0.4 0

0 21080.4 0.4 0

0 21080.8 0.4 0

0 21081.2 0.4 0

0 21081.6 0.4 0

0 21082 0.4 0

0 21082.4 0.4 0

0 21082.8 0.4 0

0 21083.2 0.4 0

0 21083.6 0.4 0

0 21084 0.4 0

0 21084.4 0.4 0

0 21084.8 0.4 0

0 21085.2 0.4 0

0 21085.6 0.4 0

0 21086 0.4 0

0 21086.4 0.4 0

0 21086.8 0.4 0

0 21087.2 0.4 0

0 21087.6 0.4 0

0 21088 0.4 0

0 21088.4 0.4 0

0 21088.8 0.4 0

0 21089.2 0.4 0

0 21089.6 0.4 0

0 21090 0.4 0

0 21090.4 0.4 0

0 21090.8 0.4 0

0 21091.2 0.4 0

0 21091.6 0.4 0

0 21092 0.4 0

0 21092.4 0.4 0

0 21092.8 0.4 0

0 21093.2 0.4 0

0 21093.6 0.4 0

0 21094 0.4 0

0 21094.4 0.4 0

0 21094.8 0.4 0

0 21095.2 0.4 0

0 21095.6 0.4 0

0 21096 0.4 0

0 21096.4 0.4 0

0 21096.8 0.4 0

0 21097.2 0.4 0

0 21097.6 0.4 0

0 21098 0.4 0

0 21098.4 0.4 0

0 21098.8 0.4 0

0 21099.2 0.4 0

0 21099.6 0.4 0

0 21100 0.4 0

0 21100.4 0.4 0

0 21100.8 0.4 0

0 21101.2 0.4 0

0 21101.6 0.4 0

0 21102 0.4 0

0 21102.4 0.4 0

0 21102.8 0.4 0

0 21103.2 0.4 0

0 21103.6 0.4 0

0 21104 0.4 0

0 21104.4 0.4 0

0 21104.8 0.4 0

0 21105.2 0.4 0

0 21105.6 0.4 0

0 21106 0.4 0

0 21106.4 0.4 0

0 21106.8 0.4 0

0 21107.2 0.4 0

0 21107.6 0.4 0

0 21108 0.4 0

0 21108.4 0.4 0

0 21108.8 0.4 0

0 21109.2 0.4 0

0 21109.6 0.4 0

0 21110 0.4 0

0 21110.4 0.4 0

0 21110.8 0.4 0

0 21111.2 0.4 0

0 21111.6 0.4 0

0 21112 0.4 0

0 21112.4 0.4 0

0 21112.8 0.4 0

0 21113.2 0.4 0

0 21113.6 0.4 0

0 21114 0.4 0

0 21114.4 0.4 0

0 21114.8 0.4 0

0 21115.2 0.4 0

0 21115.6 0.4 0

0 21116 0.4 0

0 21116.4 0.4 0

0 21116.8 0.4 0

0 21117.2 0.4 0

0 21117.6 0.4 0

0 21118 0.4 0

0 21118.4 0.4 0

0 21118.8 0.4 0

0 21119.2 0.4 0

0 21119.6 0.4 0

0 21120 0.4 0

0 21120.4 0.4 0

0 21120.8 0.4 0

0 21121.2 0.4 0

0 21121.6 0.4 0

0 21122 0.4 0

0 21122.4 0.4 0

0 21122.8 0.4 0

0 21123.2 0.4 0

0 21123.6 0.4 0

0 21124 0.4 0

0 21124.4 0.4 0

0 21124.8 0.4 0

0 21125.2 0.4 0

0 21125.6 0.4 0

0 21126 0.4 0

0 21126.4 0.4 0

0 21126.8 0.4 0

0 21127.2 0.4 0

0 21127.6 0.4 0

0 21128 0.4 0

0 21128.4 0.4 0

0 21128.8 0.4 0

0 21129.2 0.4 0

0 21129.6 0.4 0

0 21130 0.4 0

0 21130.4 0.4 0

0 21130.8 0.4 0

0 21131.2 0.4 0

0 21131.6 0.4 0

0 21132 0.4 0

0 21132.4 0.4 0

0 21132.8 0.4 0

0 21133.2 0.4 0

0 21133.6 0.4 0

0 21134 0.4 0

0 21134.4 0.4 0

0 21134.8 0.4 0

0 21135.2 0.4 0

0 21135.6 0.4 0

0 21136 0.4 0

0 21136.4 0.4 0

0 21136.8 0.4 0

0 21137.2 0.4 0

0 21137.6 0.4 0

0 21138 0.4 0

0 21138.4 0.4 0

0 21138.8 0.4 0

0 21139.2 0.4 0

0 21139.6 0.4 0

0 21140 0.4 0

0 21140.4 0.4 0

0 21140.8 0.4 0

0 21141.2 0.4 0

0 21141.6 0.4 0

0 21142 0.4 0

0 21142.4 0.4 0

0 21142.8 0.4 0

0 21143.2 0.4 0

0 21143.6 0.4 0

0 21144 0.4 0

0 21144.4 0.4 0

0 21144.8 0.4 0

0 21145.2 0.4 0

0 21145.6 0.4 0

0 21146 0.4 0

0 21146.4 0.4 0

0 21146.8 0.4 0

0 21147.2 0.4 0

0 21147.6 0.4 0

0 21148 0.4 0

0 21148.4 0.4 0

0 21148.8 0.4 0

0 21149.2 0.4 0

0 21149.6 0.4 0

0 21150 0.4 0

0 21150.4 0.4 0

0 21150.8 0.4 0

0 21151.2 0.4 0

0 21151.6 0.4 0

0 21152 0.4 0

0 21152.4 0.4 0

0 21152.8 0.4 0

0 21153.2 0.4 0

0 21153.6 0.4 0

0 21154 0.4 0

0 21154.4 0.4 0

0 21154.8 0.4 0

0 21155.2 0.4 0

0 21155.6 0.4 0

0 21156 0.4 0

0 21156.4 0.4 0

0 21156.8 0.4 0

0 21157.2 0.4 0

0 21157.6 0.4 0

0 21158 0.4 0

0 21158.4 0.4 0

0 21158.8 0.4 0

0 21159.2 0.4 0

0 21159.6 0.4 0

0 21160 0.4 0

0 21160.4 0.4 0

0 21160.8 0.4 0

0 21161.2 0.4 0

0 21161.6 0.4 0

0 21162 0.4 0

0 21162.4 0.4 0

0 21162.8 0.4 0

0 21163.2 0.4 0

0 21163.6 0.4 0

0 21164 0.4 0

0 21164.4 0.4 0

0 21164.8 0.4 0

0 21165.2 0.4 0

0 21165.6 0.4 0

0 21166 0.4 0

0 21166.4 0.4 0

0 21166.8 0.4 0

0 21167.2 0.4 0

0 21167.6 0.4 0

0 21168 0.4 0

0 21168.4 0.4 0

0 21168.8 0.4 0

0 21169.2 0.4 0

0 21169.6 0.4 0

0 21170 0.4 0

0 21170.4 0.4 0

0 21170.8 0.4 0

0 21171.2 0.4 0

0 21171.6 0.4 0

0 21172 0.4 0

0 21172.4 0.4 0

0 21172.8 0.4 0

0 21173.2 0.4 0

0 21173.6 0.4 0

0 21174 0.4 0

0 21174.4 0.4 0

0 21174.8 0.4 0

0 21175.2 0.4 0

0 21175.6 0.4 0

0 21176 0.4 0

0 21176.4 0.4 0

0 21176.8 0.4 0

0 21177.2 0.4 0

0 21177.6 0.4 0

0 21178 0.4 0

0 21178.4 0.4 0

0 21178.8 0.4 0

0 21179.2 0.4 0

0 21179.6 0.4 0

0 21180 0.4 0

0 21180.4 0.4 0

0 21180.8 0.4 0

0 21181.2 0.4 0

0 21181.6 0.4 0

0 21182 0.4 0

0 21182.4 0.4 0

0 21182.8 0.4 0

0 21183.2 0.4 0

0 21183.6 0.4 0

0 21184 0.4 0

0 21184.4 0.4 0

0 21184.8 0.4 0

0 21185.2 0.4 0

0 21185.6 0.4 0

0 21186 0.4 0

0 21186.4 0.4 0

0 21186.8 0.4 0

0 21187.2 0.4 0

0 21187.6 0.4 0

0 21188 0.4 0

0 21188.4 0.4 0

0 21188.8 0.4 0

0 21189.2 0.4 0

0 21189.6 0.4 0

0 21190 0.4 0

0 21190.4 0.4 0

0 21190.8 0.4 0

0 21191.2 0.4 0

0 21191.6 0.4 0

0 21192 0.4 0

0 21192.4 0.4 0

0 21192.8 0.4 0

0 21193.2 0.4 0

0 21193.6 0.4 0

0 21194 0.4 0

0 21194.4 0.4 0

0 21194.8 0.4 0

0 21195.2 0.4 0

0 21195.6 0.4 0

0 21196 0.4 0

0 21196.4 0.4 0

0 21196.8 0.4 0

0 21197.2 0.4 0

0 21197.6 0.4 0

0 21198 0.4 0

0 21198.4 0.4 0

0 21198.8 0.4 0

0 21199.2 0.4 0

0 21199.6 0.4 0

0 21200 0.4 0

0 21200.4 0.4 0

0 21200.8 0.4 0

0 21201.2 0.4 0

0 21201.6 0.4 0

0 21202 0.4 0

0 21202.4 0.4 0

0 21202.8 0.4 0

0 21203.2 0.4 0

0 21203.6 0.4 0

0 21204 0.4 0

0 21204.4 0.4 0

0 21204.8 0.4 0

0 21205.2 0.4 0

0 21205.6 0.4 0

0 21206 0.4 0

0 21206.4 0.4 0

0 21206.8 0.4 0

0 21207.2 0.4 0

0 21207.6 0.4 0

0 21208 0.4 0

0 21208.4 0.4 0

0 21208.8 0.4 0

0 21209.2 0.4 0

0 21209.6 0.4 0

0 21210 0.4 0

0 21210.4 0.4 0

0 21210.8 0.4 0

0 21211.2 0.4 0

0 21211.6 0.4 0

0 21212 0.4 0

0 21212.4 0.4 0

0 21212.8 0.4 0

0 21213.2 0.4 0

0 21213.6 0.4 0

0 21214 0.4 0

0 21214.4 0.4 0

0 21214.8 0.4 0

0 21215.2 0.4 0

0 21215.6 0.4 0

0 21216 0.4 0

0 21216.4 0.4 0

0 21216.8 0.4 0

0 21217.2 0.4 0

0 21217.6 0.4 0

0 21218 0.4 0

0 21218.4 0.4 0

0 21218.8 0.4 0

0 21219.2 0.4 0

0 21219.6 0.4 0

0 21220 0.4 0

0 21220.4 0.4 0

0 21220.8 0.4 0

0 21221.2 0.4 0

0 21221.6 0.4 0

0 21222 0.4 0

0 21222.4 0.4 0

0 21222.8 0.4 0

0 21223.2 0.4 0

0 21223.6 0.4 0

0 21224 0.4 0

0 21224.4 0.4 0

0 21224.8 0.4 0

0 21225.2 0.4 0

0 21225.6 0.4 0

0 21226 0.4 0

0 21226.4 0.4 0

0 21226.8 0.4 0

0 21227.2 0.4 0

0 21227.6 0.4 0

0 21228 0.4 0

0 21228.4 0.4 0

0 21228.8 0.4 0

0 21229.2 0.4 0

0 21229.6 0.4 0

0 21230 0.4 0

0 21230.4 0.4 0

0 21230.8 0.4 0

0 21231.2 0.4 0

0 21231.6 0.4 0

0 21232 0.4 0

0 21232.4 0.4 0

0 21232.8 0.4 0

0 21233.2 0.4 0

0 21233.6 0.4 0

0 21234 0.4 0

0 21234.4 0.4 0

0 21234.8 0.4 0

0 21235.2 0.4 0

0 21235.6 0.4 0

0 21236 0.4 0

0 21236.4 0.4 0

0 21236.8 0.4 0

0 21237.2 0.4 0

0 21237.6 0.4 0

0 21238 0.4 0

0 21238.4 0.4 0

0 21238.8 0.4 0

0 21239.2 0.4 0

0 21239.6 0.4 0

0 21240 0.4 0

0 21240.4 0.4 0

0 21240.8 0.4 0

0 21241.2 0.4 0

0 21241.6 0.4 0

0 21242 0.4 0

0 21242.4 0.4 0

0 21242.8 0.4 0

0 21243.2 0.4 0

0 21243.6 0.4 0

0 21244 0.4 0

0 21244.4 0.4 0

0 21244.8 0.4 0

0 21245.2 0.4 0

0 21245.6 0.4 0

0 21246 0.4 0

0 21246.4 0.4 0

0 21246.8 0.4 0

0 21247.2 0.4 0

0 21247.6 0.4 0

0 21248 0.4 0

0 21248.4 0.4 0

0 21248.8 0.4 0

0 21249.2 0.4 0

0 21249.6 0.4 0

0 21250 0.4 0

0 21250.4 0.4 0

0 21250.8 0.4 0

0 21251.2 0.4 0

0 21251.6 0.4 0

0 21252 0.4 0

0 21252.4 0.4 0

0 21252.8 0.4 0

0 21253.2 0.4 0

0 21253.6 0.4 0

0 21254 0.4 0

0 21254.4 0.4 0

0 21254.8 0.4 0

0 21255.2 0.4 0

0 21255.6 0.4 0

0 21256 0.4 0

0 21256.4 0.4 0

0 21256.8 0.4 0

0 21257.2 0.4 0

0 21257.6 0.4 0

0 21258 0.4 0

0 21258.4 0.4 0

0 21258.8 0.4 0

0 21259.2 0.4 0

0 21259.6 0.4 0

0 21260 0.4 0

0 21260.4 0.4 0

0 21260.8 0.4 0

0 21261.2 0.4 0

0 21261.6 0.4 0

0 21262 0.4 0

0 21262.4 0.4 0

0 21262.8 0.4 0

0 21263.2 0.4 0

0 21263.6 0.4 0

0 21264 0.4 0

0 21264.4 0.4 0

0 21264.8 0.4 0

0 21265.2 0.4 0

0 21265.6 0.4 0

0 21266 0.4 0

0 21266.4 0.4 0

0 21266.8 0.4 0

0 21267.2 0.4 0

0 21267.6 0.4 0

0 21268 0.4 0

0 21268.4 0.4 0

0 21268.8 0.4 0

0 21269.2 0.4 0

0 21269.6 0.4 0

0 21270 0.4 0

0 21270.4 0.4 0

0 21270.8 0.4 0

0 21271.2 0.4 0

0 21271.6 0.4 0

0 21272 0.4 0

0 21272.4 0.4 0

0 21272.8 0.4 0

0 21273.2 0.4 0

0 21273.6 0.4 0

0 21274 0.4 0

0 21274.4 0.4 0

0 21274.8 0.4 0

0 21275.2 0.4 0

0 21275.6 0.4 0

0 21276 0.4 0

0 21276.4 0.4 0

0 21276.8 0.4 0

0 21277.2 0.4 0

0 21277.6 0.4 0

0 21278 0.4 0

0 21278.4 0.4 0

0 21278.8 0.4 0

0 21279.2 0.4 0

0 21279.6 0.4 0

0 21280 0.4 0

0 21280.4 0.4 0

0 21280.8 0.4 0

0 21281.2 0.4 0

0 21281.6 0.4 0

0 21282 0.4 0

0 21282.4 0.4 0

0 21282.8 0.4 0

0 21283.2 0.4 0

0 21283.6 0.4 0

0 21284 0.4 0

0 21284.4 0.4 0

0 21284.8 0.4 0

0 21285.2 0.4 0

0 21285.6 0.4 0

0 21286 0.4 0

0 21286.4 0.4 0

0 21286.8 0.4 0

0 21287.2 0.4 0

0 21287.6 0.4 0

0 21288 0.4 0

0 21288.4 0.4 0

0 21288.8 0.4 0

0 21289.2 0.4 0

0 21289.6 0.4 0

0 21290 0.4 0

0 21290.4 0.4 0

0 21290.8 0.4 0

0 21291.2 0.4 0

0 21291.6 0.4 0

0 21292 0.4 0

0 21292.4 0.4 0

0 21292.8 0.4 0

0 21293.2 0.4 0

0 21293.6 0.4 0

0 21294 0.4 0

0 21294.4 0.4 0

0 21294.8 0.4 0

0 21295.2 0.4 0

0 21295.6 0.4 0

0 21296 0.4 0

0 21296.4 0.4 0

0 21296.8 0.4 0

0 21297.2 0.4 0

0 21297.6 0.4 0

0 21298 0.4 0

0 21298.4 0.4 0

0 21298.8 0.4 0

0 21299.2 0.4 0

0 21299.6 0.4 0

0 21300 0.4 0

0 21300.4 0.4 0

0 21300.8 0.4 0

0 21301.2 0.4 0

0 21301.6 0.4 0

0 21302 0.4 0

0 21302.4 0.4 0

0 21302.8 0.4 0

0 21303.2 0.4 0

0 21303.6 0.4 0

0 21304 0.4 0

0 21304.4 0.4 0

0 21304.8 0.4 0

0 21305.2 0.4 0

0 21305.6 0.4 0

0 21306 0.4 0

0 21306.4 0.4 0

0 21306.8 0.4 0

0 21307.2 0.4 0

0 21307.6 0.4 0

0 21308 0.4 0

0 21308.4 0.4 0

0 21308.8 0.4 0

0 21309.2 0.4 0

0 21309.6 0.4 0

0 21310 0.4 0

0 21310.4 0.4 0

0 21310.8 0.4 0

0 21311.2 0.4 0

0 21311.6 0.4 0

0 21312 0.4 0

0 21312.4 0.4 0

0 21312.8 0.4 0

0 21313.2 0.4 0

0 21313.6 0.4 0

0 21314 0.4 0

0 21314.4 0.4 0

0 21314.8 0.4 0

0 21315.2 0.4 0

0 21315.6 0.4 0

0 21316 0.4 0

0 21316.4 0.4 0

0 21316.8 0.4 0

0 21317.2 0.4 0

0 21317.6 0.4 0

0 21318 0.4 0

0 21318.4 0.4 0

0 21318.8 0.4 0

0 21319.2 0.4 0

0 21319.6 0.4 0

0 21320 0.4 0

0 21320.4 0.4 0

0 21320.8 0.4 0

0 21321.2 0.4 0

0 21321.6 0.4 0

0 21322 0.4 0

0 21322.4 0.4 0

0 21322.8 0.4 0

0 21323.2 0.4 0

0 21323.6 0.4 0

0 21324 0.4 0

0 21324.4 0.4 0

0 21324.8 0.4 0

0 21325.2 0.4 0

0 21325.6 0.4 0

0 21326 0.4 0

0 21326.4 0.4 0

0 21326.8 0.4 0

0 21327.2 0.4 0

0 21327.6 0.4 0

0 21328 0.4 0

0 21328.4 0.4 0

0 21328.8 0.4 0

0 21329.2 0.4 0

0 21329.6 0.4 0

0 21330 0.4 0

0 21330.4 0.4 0

0 21330.8 0.4 0

0 21331.2 0.4 0

0 21331.6 0.4 0

0 21332 0.4 0

0 21332.4 0.4 0

0 21332.8 0.4 0

0 21333.2 0.4 0

0 21333.6 0.4 0

0 21334 0.4 0

0 21334.4 0.4 0

0 21334.8 0.4 0

0 21335.2 0.4 0

0 21335.6 0.4 0

0 21336 0.4 0

0 21336.4 0.4 0

0 21336.8 0.4 0

0 21337.2 0.4 0

0 21337.6 0.4 0

0 21338 0.4 0

0 21338.4 0.4 0

0 21338.8 0.4 0

0 21339.2 0.4 0

0 21339.6 0.4 0

0 21340 0.4 0

0 21340.4 0.4 0

0 21340.8 0.4 0

0 21341.2 0.4 0

0 21341.6 0.4 0

0 21342 0.4 0

0 21342.4 0.4 0

0 21342.8 0.4 0

0 21343.2 0.4 0

0 21343.6 0.4 0

0 21344 0.4 0

0 21344.4 0.4 0

0 21344.8 0.4 0

0 21345.2 0.4 0

0 21345.6 0.4 0

0 21346 0.4 0

0 21346.4 0.4 0

0 21346.8 0.4 0

0 21347.2 0.4 0

0 21347.6 0.4 0

0 21348 0.4 0

0 21348.4 0.4 0

0 21348.8 0.4 0

0 21349.2 0.4 0

0 21349.6 0.4 0

0 21350 0.4 0

0 21350.4 0.4 0

0 21350.8 0.4 0

0 21351.2 0.4 0

0 21351.6 0.4 0

0 21352 0.4 0

0 21352.4 0.4 0

0 21352.8 0.4 0

0 21353.2 0.4 0

0 21353.6 0.4 0

0 21354 0.4 0

0 21354.4 0.4 0

0 21354.8 0.4 0

0 21355.2 0.4 0

0 21355.6 0.4 0

0 21356 0.4 0

0 21356.4 0.4 0

0 21356.8 0.4 0

0 21357.2 0.4 0

0 21357.6 0.4 0

0 21358 0.4 0

0 21358.4 0.4 0

0 21358.8 0.4 0

0 21359.2 0.4 0

0 21359.6 0.4 0

0 21360 0.4 0

0 21360.4 0.4 0

0 21360.8 0.4 0

0 21361.2 0.4 0

0 21361.6 0.4 0

0 21362 0.4 0

0 21362.4 0.4 0

0 21362.8 0.4 0

0 21363.2 0.4 0

0 21363.6 0.4 0

0 21364 0.4 0

0 21364.4 0.4 0

0 21364.8 0.4 0

0 21365.2 0.4 0

0 21365.6 0.4 0

0 21366 0.4 0

0 21366.4 0.4 0

0 21366.8 0.4 0

0 21367.2 0.4 0

0 21367.6 0.4 0

0 21368 0.4 0

0 21368.4 0.4 0

0 21368.8 0.4 0

0 21369.2 0.4 0

0 21369.6 0.4 0

0 21370 0.4 0

0 21370.4 0.4 0

0 21370.8 0.4 0

0 21371.2 0.4 0

0 21371.6 0.4 0

0 21372 0.4 0

0 21372.4 0.4 0

0 21372.8 0.4 0

0 21373.2 0.4 0

0 21373.6 0.4 0

0 21374 0.4 0

0 21374.4 0.4 0

0 21374.8 0.4 0

0 21375.2 0.4 0

0 21375.6 0.4 0

0 21376 0.4 0

0 21376.4 0.4 0

0 21376.8 0.4 0

0 21377.2 0.4 0

0 21377.6 0.4 0

0 21378 0.4 0

0 21378.4 0.4 0

0 21378.8 0.4 0

0 21379.2 0.4 0

0 21379.6 0.4 0

0 21380 0.4 0

0 21380.4 0.4 0

0 21380.8 0.4 0

0 21381.2 0.4 0

0 21381.6 0.4 0

0 21382 0.4 0

0 21382.4 0.4 0

0 21382.8 0.4 0

0 21383.2 0.4 0

0 21383.6 0.4 0

0 21384 0.4 0

0 21384.4 0.4 0

0 21384.8 0.4 0

0 21385.2 0.4 0

0 21385.6 0.4 0

0 21386 0.4 0

0 21386.4 0.4 0

0 21386.8 0.4 0

0 21387.2 0.4 0

0 21387.6 0.4 0

0 21388 0.4 0

0 21388.4 0.4 0

0 21388.8 0.4 0

0 21389.2 0.4 0

0 21389.6 0.4 0

0 21390 0.4 0

0 21390.4 0.4 0

0 21390.8 0.4 0

0 21391.2 0.4 0

0 21391.6 0.4 0

0 21392 0.4 0

0 21392.4 0.4 0

0 21392.8 0.4 0

0 21393.2 0.4 0

0 21393.6 0.4 0

0 21394 0.4 0

0 21394.4 0.4 0

0 21394.8 0.4 0

0 21395.2 0.4 0

0 21395.6 0.4 0

0 21396 0.4 0

0 21396.4 0.4 0

0 21396.8 0.4 0

0 21397.2 0.4 0

0 21397.6 0.4 0

0 21398 0.4 0

0 21398.4 0.4 0

0 21398.8 0.4 0

0 21399.2 0.4 0

0 21399.6 0.4 0

0 21400 0.4 0

0 21400.4 0.4 0

0 21400.8 0.4 0

0 21401.2 0.4 0

0 21401.6 0.4 0

0 21402 0.4 0

0 21402.4 0.4 0

0 21402.8 0.4 0

0 21403.2 0.4 0

0 21403.6 0.4 0

0 21404 0.4 0

0 21404.4 0.4 0

0 21404.8 0.4 0

0 21405.2 0.4 0

0 21405.6 0.4 0

0 21406 0.4 0

0 21406.4 0.4 0

0 21406.8 0.4 0

0 21407.2 0.4 0

0 21407.6 0.4 0

0 21408 0.4 0

0 21408.4 0.4 0

0 21408.8 0.4 0

0 21409.2 0.4 0

0 21409.6 0.4 0

0 21410 0.4 0

0 21410.4 0.4 0

0 21410.8 0.4 0

0 21411.2 0.4 0

0 21411.6 0.4 0

0 21412 0.4 0

0 21412.4 0.4 0

0 21412.8 0.4 0

0 21413.2 0.4 0

0 21413.6 0.4 0

0 21414 0.4 0

0 21414.4 0.4 0

0 21414.8 0.4 0

0 21415.2 0.4 0

0 21415.6 0.4 0

0 21416 0.4 0

0 21416.4 0.4 0

0 21416.8 0.4 0

0 21417.2 0.4 0

0 21417.6 0.4 0

0 21418 0.4 0

0 21418.4 0.4 0

0 21418.8 0.4 0

0 21419.2 0.4 0

0 21419.6 0.4 0

0 21420 0.4 0

0 21420.4 0.4 0

0 21420.8 0.4 0

0 21421.2 0.4 0

0 21421.6 0.4 0

0 21422 0.4 0

0 21422.4 0.4 0

0 21422.8 0.4 0

0 21423.2 0.4 0

0 21423.6 0.4 0

0 21424 0.4 0

0 21424.4 0.4 0

0 21424.8 0.4 0

0 21425.2 0.4 0

0 21425.6 0.4 0

0 21426 0.4 0

0 21426.4 0.4 0

0 21426.8 0.4 0

0 21427.2 0.4 0

0 21427.6 0.4 0

0 21428 0.4 0

0 21428.4 0.4 0

0 21428.8 0.4 0

0 21429.2 0.4 0

0 21429.6 0.4 0

0 21430 0.4 0

0 21430.4 0.4 0

0 21430.8 0.4 0

0 21431.2 0.4 0

0 21431.6 0.4 0

0 21432 0.4 0

0 21432.4 0.4 0

0 21432.8 0.4 0

0 21433.2 0.4 0

0 21433.6 0.4 0

0 21434 0.4 0

0 21434.4 0.4 0

0 21434.8 0.4 0

0 21435.2 0.4 0

0 21435.6 0.4 0

0 21436 0.4 0

0 21436.4 0.4 0

0 21436.8 0.4 0

0 21437.2 0.4 0

0 21437.6 0.4 0

0 21438 0.4 0

0 21438.4 0.4 0

0 21438.8 0.4 0

0 21439.2 0.4 0

0 21439.6 0.4 0

0 21440 0.4 0

0 21440.4 0.4 0

0 21440.8 0.4 0

0 21441.2 0.4 0

0 21441.6 0.4 0

0 21442 0.4 0

0 21442.4 0.4 0

0 21442.8 0.4 0

0 21443.2 0.4 0

0 21443.6 0.4 0

0 21444 0.4 0

0 21444.4 0.4 0

0 21444.8 0.4 0

0 21445.2 0.4 0

0 21445.6 0.4 0

0 21446 0.4 0

0 21446.4 0.4 0

0 21446.8 0.4 0

0 21447.2 0.4 0

0 21447.6 0.4 0

0 21448 0.4 0

0 21448.4 0.4 0

0 21448.8 0.4 0

0 21449.2 0.4 0

0 21449.6 0.4 0

0 21450 0.4 0

0 21450.4 0.4 0

0 21450.8 0.4 0

0 21451.2 0.4 0

0 21451.6 0.4 0

0 21452 0.4 0

0 21452.4 0.4 0

0 21452.8 0.4 0

0 21453.2 0.4 0

0 21453.6 0.4 0

0 21454 0.4 0

0 21454.4 0.4 0

0 21454.8 0.4 0

0 21455.2 0.4 0

0 21455.6 0.4 0

0 21456 0.4 0

0 21456.4 0.4 0

0 21456.8 0.4 0

0 21457.2 0.4 0

0 21457.6 0.4 0

0 21458 0.4 0

0 21458.4 0.4 0

0 21458.8 0.4 0

0 21459.2 0.4 0

0 21459.6 0.4 0

0 21460 0.4 0

0 21460.4 0.4 0

0 21460.8 0.4 0

0 21461.2 0.4 0

0 21461.6 0.4 0

0 21462 0.4 0

0 21462.4 0.4 0

0 21462.8 0.4 0

0 21463.2 0.4 0

0 21463.6 0.4 0

0 21464 0.4 0

0 21464.4 0.4 0

0 21464.8 0.4 0

0 21465.2 0.4 0

0 21465.6 0.4 0

0 21466 0.4 0

0 21466.4 0.4 0

0 21466.8 0.4 0

0 21467.2 0.4 0

0 21467.6 0.4 0

0 21468 0.4 0

0 21468.4 0.4 0

0 21468.8 0.4 0

0 21469.2 0.4 0

0 21469.6 0.4 0

0 21470 0.4 0

0 21470.4 0.4 0

0 21470.8 0.4 0

0 21471.2 0.4 0

0 21471.6 0.4 0

0 21472 0.4 0

0 21472.4 0.4 0

0 21472.8 0.4 0

0 21473.2 0.4 0

0 21473.6 0.4 0

0 21474 0.4 0

0 21474.4 0.4 0

0 21474.8 0.4 0

0 21475.2 0.4 0

0 21475.6 0.4 0

0 21476 0.4 0

0 21476.4 0.4 0

0 21476.8 0.4 0

0 21477.2 0.4 0

0 21477.6 0.4 0

0 21478 0.4 0

0 21478.4 0.4 0

0 21478.8 0.4 0

0 21479.2 0.4 0

0 21479.6 0.4 0

0 21480 0.4 0

0 21480.4 0.4 0

0 21480.8 0.4 0

0 21481.2 0.4 0

0 21481.6 0.4 0

0 21482 0.4 0

0 21482.4 0.4 0

0 21482.8 0.4 0

0 21483.2 0.4 0

0 21483.6 0.4 0

0 21484 0.4 0

0 21484.4 0.4 0

0 21484.8 0.4 0

0 21485.2 0.4 0

0 21485.6 0.4 0

0 21486 0.4 0

0 21486.4 0.4 0

0 21486.8 0.4 0

0 21487.2 0.4 0

0 21487.6 0.4 0

0 21488 0.4 0

0 21488.4 0.4 0

0 21488.8 0.4 0

0 21489.2 0.4 0

0 21489.6 0.4 0

0 21490 0.4 0

0 21490.4 0.4 0

0 21490.8 0.4 0

0 21491.2 0.4 0

0 21491.6 0.4 0

0 21492 0.4 0

0 21492.4 0.4 0

0 21492.8 0.4 0

0 21493.2 0.4 0

0 21493.6 0.4 0

0 21494 0.4 0

0 21494.4 0.4 0

0 21494.8 0.4 0

0 21495.2 0.4 0

0 21495.6 0.4 0

0 21496 0.4 0

0 21496.4 0.4 0

0 21496.8 0.4 0

0 21497.2 0.4 0

0 21497.6 0.4 0

0 21498 0.4 0

0 21498.4 0.4 0

0 21498.8 0.4 0

0 21499.2 0.4 0

0 21499.6 0.4 0

0 21500 0.4 0

0 21500.4 0.4 0

0 21500.8 0.4 0

0 21501.2 0.4 0

0 21501.6 0.4 0

0 21502 0.4 0

0 21502.4 0.4 0

0 21502.8 0.4 0

0 21503.2 0.4 0

0 21503.6 0.4 0

0 21504 0.4 0

0 21504.4 0.4 0

0 21504.8 0.4 0

0 21505.2 0.4 0

0 21505.6 0.4 0

0 21506 0.4 0

0 21506.4 0.4 0

0 21506.8 0.4 0

0 21507.2 0.4 0

0 21507.6 0.4 0

0 21508 0.4 0

0 21508.4 0.4 0

0 21508.8 0.4 0

0 21509.2 0.4 0

0 21509.6 0.4 0

0 21510 0.4 0

0 21510.4 0.4 0

0 21510.8 0.4 0

0 21511.2 0.4 0

0 21511.6 0.4 0

0 21512 0.4 0

0 21512.4 0.4 0

0 21512.8 0.4 0

0 21513.2 0.4 0

0 21513.6 0.4 0

0 21514 0.4 0

0 21514.4 0.4 0

0 21514.8 0.4 0

0 21515.2 0.4 0

0 21515.6 0.4 0

0 21516 0.4 0

0 21516.4 0.4 0

0 21516.8 0.4 0

0 21517.2 0.4 0

0 21517.6 0.4 0

0 21518 0.4 0

0 21518.4 0.4 0

0 21518.8 0.4 0

0 21519.2 0.4 0

0 21519.6 0.4 0

0 21520 0.4 0

0 21520.4 0.4 0

0 21520.8 0.4 0

0 21521.2 0.4 0

0 21521.6 0.4 0

0 21522 0.4 0

0 21522.4 0.4 0

0 21522.8 0.4 0

0 21523.2 0.4 0

0 21523.6 0.4 0

0 21524 0.4 0

0 21524.4 0.4 0

0 21524.8 0.4 0

0 21525.2 0.4 0

0 21525.6 0.4 0

0 21526 0.4 0

0 21526.4 0.4 0

0 21526.8 0.4 0

0 21527.2 0.4 0

0 21527.6 0.4 0

0 21528 0.4 0

0 21528.4 0.4 0

0 21528.8 0.4 0

0 21529.2 0.4 0

0 21529.6 0.4 0

0 21530 0.4 0

0 21530.4 0.4 0

0 21530.8 0.4 0

0 21531.2 0.4 0

0 21531.6 0.4 0

0 21532 0.4 0

0 21532.4 0.4 0

0 21532.8 0.4 0

0 21533.2 0.4 0

0 21533.6 0.4 0

0 21534 0.4 0

0 21534.4 0.4 0

0 21534.8 0.4 0

0 21535.2 0.4 0

0 21535.6 0.4 0

0 21536 0.4 0

0 21536.4 0.4 0

0 21536.8 0.4 0

0 21537.2 0.4 0

0 21537.6 0.4 0

0 21538 0.4 0

0 21538.4 0.4 0

0 21538.8 0.4 0

0 21539.2 0.4 0

0 21539.6 0.4 0

0 21540 0.4 0

0 21540.4 0.4 0

0 21540.8 0.4 0

0 21541.2 0.4 0

0 21541.6 0.4 0

0 21542 0.4 0

0 21542.4 0.4 0

0 21542.8 0.4 0

0 21543.2 0.4 0

0 21543.6 0.4 0

0 21544 0.4 0

0 21544.4 0.4 0

0 21544.8 0.4 0

0 21545.2 0.4 0

0 21545.6 0.4 0

0 21546 0.4 0

0 21546.4 0.4 0

0 21546.8 0.4 0

0 21547.2 0.4 0

0 21547.6 0.4 0

0 21548 0.4 0

0 21548.4 0.4 0

0 21548.8 0.4 0

0 21549.2 0.4 0

0 21549.6 0.4 0

0 21550 0.4 0

0 21550.4 0.4 0

0 21550.8 0.4 0

0 21551.2 0.4 0

0 21551.6 0.4 0

0 21552 0.4 0

0 21552.4 0.4 0

0 21552.8 0.4 0

0 21553.2 0.4 0

0 21553.6 0.4 0

0 21554 0.4 0

0 21554.4 0.4 0

0 21554.8 0.4 0

0 21555.2 0.4 0

0 21555.6 0.4 0

0 21556 0.4 0

0 21556.4 0.4 0

0 21556.8 0.4 0

0 21557.2 0.4 0

0 21557.6 0.4 0

0 21558 0.4 0

0 21558.4 0.4 0

0 21558.8 0.4 0

0 21559.2 0.4 0

0 21559.6 0.4 0

0 21560 0.4 0

0 21560.4 0.4 0

0 21560.8 0.4 0

0 21561.2 0.4 0

0 21561.6 0.4 0

0 21562 0.4 0

0 21562.4 0.4 0

0 21562.8 0.4 0

0 21563.2 0.4 0

0 21563.6 0.4 0

0 21564 0.4 0

0 21564.4 0.4 0

0 21564.8 0.4 0

0 21565.2 0.4 0

0 21565.6 0.4 0

0 21566 0.4 0

0 21566.4 0.4 0

0 21566.8 0.4 0

0 21567.2 0.4 0

0 21567.6 0.4 0

0 21568 0.4 0

0 21568.4 0.4 0

0 21568.8 0.4 0

0 21569.2 0.4 0

0 21569.6 0.4 0

0 21570 0.4 0

0 21570.4 0.4 0

0 21570.8 0.4 0

0 21571.2 0.4 0

0 21571.6 0.4 0

0 21572 0.4 0

0 21572.4 0.4 0

0 21572.8 0.4 0

0 21573.2 0.4 0

0 21573.6 0.4 0

0 21574 0.4 0

0 21574.4 0.4 0

0 21574.8 0.4 0

0 21575.2 0.4 0

0 21575.6 0.4 0

0 21576 0.4 0

0 21576.4 0.4 0

0 21576.8 0.4 0

0 21577.2 0.4 0

0 21577.6 0.4 0

0 21578 0.4 0

0 21578.4 0.4 0

0 21578.8 0.4 0

0 21579.2 0.4 0

0 21579.6 0.4 0

0 21580 0.4 0

0 21580.4 0.4 0

0 21580.8 0.4 0

0 21581.2 0.4 0

0 21581.6 0.4 0

0 21582 0.4 0

0 21582.4 0.4 0

0 21582.8 0.4 0

0 21583.2 0.4 0

0 21583.6 0.4 0

0 21584 0.4 0

0 21584.4 0.4 0

0 21584.8 0.4 0

0 21585.2 0.4 0

0 21585.6 0.4 0

0 21586 0.4 0

0 21586.4 0.4 0

0 21586.8 0.4 0

0 21587.2 0.4 0

0 21587.6 0.4 0

0 21588 0.4 0

0 21588.4 0.4 0

0 21588.8 0.4 0

0 21589.2 0.4 0

0 21589.6 0.4 0

0 21590 0.4 0

0 21590.4 0.4 0

0 21590.8 0.4 0

0 21591.2 0.4 0

0 21591.6 0.4 0

0 21592 0.4 0

0 21592.4 0.4 0

0 21592.8 0.4 0

0 21593.2 0.4 0

0 21593.6 0.4 0

0 21594 0.4 0

0 21594.4 0.4 0

0 21594.8 0.4 0

0 21595.2 0.4 0

0 21595.6 0.4 0

0 21596 0.4 0

0 21596.4 0.4 0

0 21596.8 0.4 0

0 21597.2 0.4 0

0 21597.6 0.4 0

0 21598 0.4 0

0 21598.4 0.4 0

0 21598.8 0.4 0

0 21599.2 0.4 0

0 21599.6 0.4 0

0 21600 0.4 0

0 21600.4 0.4 0

0 21600.8 0.4 0

0 21601.2 0.4 0

0 21601.6 0.4 0

0 21602 0.4 0

0 21602.4 0.4 0

0 21602.8 0.4 0

0 21603.2 0.4 0

0 21603.6 0.4 0

0 21604 0.4 0

0 21604.4 0.4 0

0 21604.8 0.4 0

0 21605.2 0.4 0

0 21605.6 0.4 0

0 21606 0.4 0

0 21606.4 0.4 0

0 21606.8 0.4 0

0 21607.2 0.4 0

0 21607.6 0.4 0

0 21608 0.4 0

0 21608.4 0.4 0

0 21608.8 0.4 0

0 21609.2 0.4 0

0 21609.6 0.4 0

0 21610 0.4 0

0 21610.4 0.4 0

0 21610.8 0.4 0

0 21611.2 0.4 0

0 21611.6 0.4 0

0 21612 0.4 0

0 21612.4 0.4 0

0 21612.8 0.4 0

0 21613.2 0.4 0

0 21613.6 0.4 0

0 21614 0.4 0

0 21614.4 0.4 0

0 21614.8 0.4 0

0 21615.2 0.4 0

0 21615.6 0.4 0

0 21616 0.4 0

0 21616.4 0.4 0

0 21616.8 0.4 0

0 21617.2 0.4 0

0 21617.6 0.4 0

0 21618 0.4 0

0 21618.4 0.4 0

0 21618.8 0.4 0

0 21619.2 0.4 0

0 21619.6 0.4 0

0 21620 0.4 0

0 21620.4 0.4 0

0 21620.8 0.4 0

0 21621.2 0.4 0

0 21621.6 0.4 0

0 21622 0.4 0

0 21622.4 0.4 0

0 21622.8 0.4 0

0 21623.2 0.4 0

0 21623.6 0.4 0

0 21624 0.4 0

0 21624.4 0.4 0

0 21624.8 0.4 0

0 21625.2 0.4 0

0 21625.6 0.4 0

0 21626 0.4 0

0 21626.4 0.4 0

0 21626.8 0.4 0

0 21627.2 0.4 0

0 21627.6 0.4 0

0 21628 0.4 0

0 21628.4 0.4 0

0 21628.8 0.4 0

0 21629.2 0.4 0

0 21629.6 0.4 0

0 21630 0.4 0

0 21630.4 0.4 0

0 21630.8 0.4 0

0 21631.2 0.4 0

0 21631.6 0.4 0

0 21632 0.4 0

0 21632.4 0.4 0

0 21632.8 0.4 0

0 21633.2 0.4 0

0 21633.6 0.4 0

0 21634 0.4 0

0 21634.4 0.4 0

0 21634.8 0.4 0

0 21635.2 0.4 0

0 21635.6 0.4 0

0 21636 0.4 0

0 21636.4 0.4 0

0 21636.8 0.4 0

0 21637.2 0.4 0

0 21637.6 0.4 0

0 21638 0.4 0

0 21638.4 0.4 0

0 21638.8 0.4 0

0 21639.2 0.4 0

0 21639.6 0.4 0

0 21640 0.4 0

0 21640.4 0.4 0

0 21640.8 0.4 0

0 21641.2 0.4 0

0 21641.6 0.4 0

0 21642 0.4 0

0 21642.4 0.4 0

0 21642.8 0.4 0

0 21643.2 0.4 0

0 21643.6 0.4 0

0 21644 0.4 0

0 21644.4 0.4 0

0 21644.8 0.4 0

0 21645.2 0.4 0

0 21645.6 0.4 0

0 21646 0.4 0

0 21646.4 0.4 0

0 21646.8 0.4 0

0 21647.2 0.4 0

0 21647.6 0.4 0

0 21648 0.4 0

0 21648.4 0.4 0

0 21648.8 0.4 0

0 21649.2 0.4 0

0 21649.6 0.4 0

0 21650 0.4 0

0 21650.4 0.4 0

0 21650.8 0.4 0

0 21651.2 0.4 0

0 21651.6 0.4 0

0 21652 0.4 0

0 21652.4 0.4 0

0 21652.8 0.4 0

0 21653.2 0.4 0

0 21653.6 0.4 0

0 21654 0.4 0

0 21654.4 0.4 0

0 21654.8 0.4 0

0 21655.2 0.4 0

0 21655.6 0.4 0

0 21656 0.4 0

0 21656.4 0.4 0

0 21656.8 0.4 0

0 21657.2 0.4 0

0 21657.6 0.4 0

0 21658 0.4 0

0 21658.4 0.4 0

0 21658.8 0.4 0

0 21659.2 0.4 0

0 21659.6 0.4 0

0 21660 0.4 0

0 21660.4 0.4 0

0 21660.8 0.4 0

0 21661.2 0.4 0

0 21661.6 0.4 0

0 21662 0.4 0

0 21662.4 0.4 0

0 21662.8 0.4 0

0 21663.2 0.4 0

0 21663.6 0.4 0

0 21664 0.4 0

0 21664.4 0.4 0

0 21664.8 0.4 0

0 21665.2 0.4 0

0 21665.6 0.4 0

0 21666 0.4 0

0 21666.4 0.4 0

0 21666.8 0.4 0

0 21667.2 0.4 0

0 21667.6 0.4 0

0 21668 0.4 0

0 21668.4 0.4 0

0 21668.8 0.4 0

0 21669.2 0.4 0

0 21669.6 0.4 0

0 21670 0.4 0

0 21670.4 0.4 0

0 21670.8 0.4 0

0 21671.2 0.4 0

0 21671.6 0.4 0

0 21672 0.4 0

0 21672.4 0.4 0

0 21672.8 0.4 0

0 21673.2 0.4 0

0 21673.6 0.4 0

0 21674 0.4 0

0 21674.4 0.4 0

0 21674.8 0.4 0

0 21675.2 0.4 0

0 21675.6 0.4 0

0 21676 0.4 0

0 21676.4 0.4 0

0 21676.8 0.4 0

0 21677.2 0.4 0

0 21677.6 0.4 0

0 21678 0.4 0

0 21678.4 0.4 0

0 21678.8 0.4 0

0 21679.2 0.4 0

0 21679.6 0.4 0

0 21680 0.4 0

0 21680.4 0.4 0

0 21680.8 0.4 0

0 21681.2 0.4 0

0 21681.6 0.4 0

0 21682 0.4 0

0 21682.4 0.4 0

0 21682.8 0.4 0

0 21683.2 0.4 0

0 21683.6 0.4 0

0 21684 0.4 0

0 21684.4 0.4 0

0 21684.8 0.4 0

0 21685.2 0.4 0

0 21685.6 0.4 0

0 21686 0.4 0

0 21686.4 0.4 0

0 21686.8 0.4 0

0 21687.2 0.4 0

0 21687.6 0.4 0

0 21688 0.4 0

0 21688.4 0.4 0

0 21688.8 0.4 0

0 21689.2 0.4 0

0 21689.6 0.4 0

0 21690 0.4 0

0 21690.4 0.4 0

0 21690.8 0.4 0

0 21691.2 0.4 0

0 21691.6 0.4 0

0 21692 0.4 0

0 21692.4 0.4 0

0 21692.8 0.4 0

0 21693.2 0.4 0

0 21693.6 0.4 0

0 21694 0.4 0

0 21694.4 0.4 0

0 21694.8 0.4 0

0 21695.2 0.4 0

0 21695.6 0.4 0

0 21696 0.4 0

0 21696.4 0.4 0

0 21696.8 0.4 0

0 21697.2 0.4 0

0 21697.6 0.4 0

0 21698 0.4 0

0 21698.4 0.4 0

0 21698.8 0.4 0

0 21699.2 0.4 0

0 21699.6 0.4 0

0 21700 0.4 0

0 21700.4 0.4 0

0 21700.8 0.4 0

0 21701.2 0.4 0

0 21701.6 0.4 0

0 21702 0.4 0

0 21702.4 0.4 0

0 21702.8 0.4 0

0 21703.2 0.4 0

0 21703.6 0.4 0

0 21704 0.4 0

0 21704.4 0.4 0

0 21704.8 0.4 0

0 21705.2 0.4 0

0 21705.6 0.4 0

0 21706 0.4 0

0 21706.4 0.4 0

0 21706.8 0.4 0

0 21707.2 0.4 0

0 21707.6 0.4 0

0 21708 0.4 0

0 21708.4 0.4 0

0 21708.8 0.4 0

0 21709.2 0.4 0

0 21709.6 0.4 0

0 21710 0.4 0

0 21710.4 0.4 0

0 21710.8 0.4 0

0 21711.2 0.4 0

0 21711.6 0.4 0

0 21712 0.4 0

0 21712.4 0.4 0

0 21712.8 0.4 0

0 21713.2 0.4 0

0 21713.6 0.4 0

0 21714 0.4 0

0 21714.4 0.4 0

0 21714.8 0.4 0

0 21715.2 0.4 0

0 21715.6 0.4 0

0 21716 0.4 0

0 21716.4 0.4 0

0 21716.8 0.4 0

0 21717.2 0.4 0

0 21717.6 0.4 0

0 21718 0.4 0

0 21718.4 0.4 0

0 21718.8 0.4 0

0 21719.2 0.4 0

0 21719.6 0.4 0

0 21720 0.4 0

0 21720.4 0.4 0

0 21720.8 0.4 0

0 21721.2 0.4 0

0 21721.6 0.4 0

0 21722 0.4 0

0 21722.4 0.4 0

0 21722.8 0.4 0

0 21723.2 0.4 0

0 21723.6 0.4 0

0 21724 0.4 0

0 21724.4 0.4 0

0 21724.8 0.4 0

0 21725.2 0.4 0

0 21725.6 0.4 0

0 21726 0.4 0

0 21726.4 0.4 0

0 21726.8 0.4 0

0 21727.2 0.4 0

0 21727.6 0.4 0

0 21728 0.4 0

0 21728.4 0.4 0

0 21728.8 0.4 0

0 21729.2 0.4 0

0 21729.6 0.4 0

0 21730 0.4 0

0 21730.4 0.4 0

0 21730.8 0.4 0

0 21731.2 0.4 0

0 21731.6 0.4 0

0 21732 0.4 0

0 21732.4 0.4 0

0 21732.8 0.4 0

0 21733.2 0.4 0

0 21733.6 0.4 0

0 21734 0.4 0

0 21734.4 0.4 0

0 21734.8 0.4 0

0 21735.2 0.4 0

0 21735.6 0.4 0

0 21736 0.4 0

0 21736.4 0.4 0

0 21736.8 0.4 0

0 21737.2 0.4 0

0 21737.6 0.4 0

0 21738 0.4 0

0 21738.4 0.4 0

0 21738.8 0.4 0

0 21739.2 0.4 0

0 21739.6 0.4 0

0 21740 0.4 0

0 21740.4 0.4 0

0 21740.8 0.4 0

0 21741.2 0.4 0

0 21741.6 0.4 0

0 21742 0.4 0

0 21742.4 0.4 0

0 21742.8 0.4 0

0 21743.2 0.4 0

0 21743.6 0.4 0

0 21744 0.4 0

0 21744.4 0.4 0

0 21744.8 0.4 0

0 21745.2 0.4 0

0 21745.6 0.4 0

0 21746 0.4 0

0 21746.4 0.4 0

0 21746.8 0.4 0

0 21747.2 0.4 0

0 21747.6 0.4 0

0 21748 0.4 0

0 21748.4 0.4 0

0 21748.8 0.4 0

0 21749.2 0.4 0

0 21749.6 0.4 0

0 21750 0.4 0

0 21750.4 0.4 0

0 21750.8 0.4 0

0 21751.2 0.4 0

0 21751.6 0.4 0

0 21752 0.4 0

0 21752.4 0.4 0

0 21752.8 0.4 0

0 21753.2 0.4 0

0 21753.6 0.4 0

0 21754 0.4 0

0 21754.4 0.4 0

0 21754.8 0.4 0

0 21755.2 0.4 0

0 21755.6 0.4 0

0 21756 0.4 0

0 21756.4 0.4 0

0 21756.8 0.4 0

0 21757.2 0.4 0

0 21757.6 0.4 0

0 21758 0.4 0

0 21758.4 0.4 0

0 21758.8 0.4 0

0 21759.2 0.4 0

0 21759.6 0.4 0

0 21760 0.4 0

0 21760.4 0.4 0

0 21760.8 0.4 0

0 21761.2 0.4 0

0 21761.6 0.4 0

0 21762 0.4 0

0 21762.4 0.4 0

0 21762.8 0.4 0

0 21763.2 0.4 0

0 21763.6 0.4 0

0 21764 0.4 0

0 21764.4 0.4 0

0 21764.8 0.4 0

0 21765.2 0.4 0

0 21765.6 0.4 0

0 21766 0.4 0

0 21766.4 0.4 0

0 21766.8 0.4 0

0 21767.2 0.4 0

0 21767.6 0.4 0

0 21768 0.4 0

0 21768.4 0.4 0

0 21768.8 0.4 0

0 21769.2 0.4 0

0 21769.6 0.4 0

0 21770 0.4 0

0 21770.4 0.4 0

0 21770.8 0.4 0

0 21771.2 0.4 0

0 21771.6 0.4 0

0 21772 0.4 0

0 21772.4 0.4 0

0 21772.8 0.4 0

0 21773.2 0.4 0

0 21773.6 0.4 0

0 21774 0.4 0

0 21774.4 0.4 0

0 21774.8 0.4 0

0 21775.2 0.4 0

0 21775.6 0.4 0

0 21776 0.4 0

0 21776.4 0.4 0

0 21776.8 0.4 0

0 21777.2 0.4 0

0 21777.6 0.4 0

0 21778 0.4 0

0 21778.4 0.4 0

0 21778.8 0.4 0

0 21779.2 0.4 0

0 21779.6 0.4 0

0 21780 0.4 0

0 21780.4 0.4 0

0 21780.8 0.4 0

0 21781.2 0.4 0

0 21781.6 0.4 0

0 21782 0.4 0

0 21782.4 0.4 0

0 21782.8 0.4 0

0 21783.2 0.4 0

0 21783.6 0.4 0

0 21784 0.4 0

0 21784.4 0.4 0

0 21784.8 0.4 0

0 21785.2 0.4 0

0 21785.6 0.4 0

0 21786 0.4 0

0 21786.4 0.4 0

0 21786.8 0.4 0

0 21787.2 0.4 0

0 21787.6 0.4 0

0 21788 0.4 0

0 21788.4 0.4 0

0 21788.8 0.4 0

0 21789.2 0.4 0

0 21789.6 0.4 0

0 21790 0.4 0

0 21790.4 0.4 0

0 21790.8 0.4 0

0 21791.2 0.4 0

0 21791.6 0.4 0

0 21792 0.4 0

0 21792.4 0.4 0

0 21792.8 0.4 0

0 21793.2 0.4 0

0 21793.6 0.4 0

0 21794 0.4 0

0 21794.4 0.4 0

0 21794.8 0.4 0

0 21795.2 0.4 0

0 21795.6 0.4 0

0 21796 0.4 0

0 21796.4 0.4 0

0 21796.8 0.4 0

0 21797.2 0.4 0

0 21797.6 0.4 0

0 21798 0.4 0

0 21798.4 0.4 0

0 21798.8 0.4 0

0 21799.2 0.4 0

0 21799.6 0.4 0

0 21800 0.4 0

0 21800.4 0.4 0

0 21800.8 0.4 0

0 21801.2 0.4 0

0 21801.6 0.4 0

0 21802 0.4 0

0 21802.4 0.4 0

0 21802.8 0.4 0

0 21803.2 0.4 0

0 21803.6 0.4 0

0 21804 0.4 0

0 21804.4 0.4 0

0 21804.8 0.4 0

0 21805.2 0.4 0

0 21805.6 0.4 0

0 21806 0.4 0

0 21806.4 0.4 0

0 21806.8 0.4 0

0 21807.2 0.4 0

0 21807.6 0.4 0

0 21808 0.4 0

0 21808.4 0.4 0

0 21808.8 0.4 0

0 21809.2 0.4 0

0 21809.6 0.4 0

0 21810 0.4 0

0 21810.4 0.4 0

0 21810.8 0.4 0

0 21811.2 0.4 0

0 21811.6 0.4 0

0 21812 0.4 0

0 21812.4 0.4 0

0 21812.8 0.4 0

0 21813.2 0.4 0

0 21813.6 0.4 0

0 21814 0.4 0

0 21814.4 0.4 0

0 21814.8 0.4 0

0 21815.2 0.4 0

0 21815.6 0.4 0

0 21816 0.4 0

0 21816.4 0.4 0

0 21816.8 0.4 0

0 21817.2 0.4 0

0 21817.6 0.4 0

0 21818 0.4 0

0 21818.4 0.4 0

0 21818.8 0.4 0

0 21819.2 0.4 0

0 21819.6 0.4 0

0 21820 0.4 0

0 21820.4 0.4 0

0 21820.8 0.4 0

0 21821.2 0.4 0

0 21821.6 0.4 0

0 21822 0.4 0

0 21822.4 0.4 0

0 21822.8 0.4 0

0 21823.2 0.4 0

0 21823.6 0.4 0

0 21824 0.4 0

0 21824.4 0.4 0

0 21824.8 0.4 0

0 21825.2 0.4 0

0 21825.6 0.4 0

0 21826 0.4 0

0 21826.4 0.4 0

0 21826.8 0.4 0

0 21827.2 0.4 0

0 21827.6 0.4 0

0 21828 0.4 0

0 21828.4 0.4 0

0 21828.8 0.4 0

0 21829.2 0.4 0

0 21829.6 0.4 0

0 21830 0.4 0

0 21830.4 0.4 0

0 21830.8 0.4 0

0 21831.2 0.4 0

0 21831.6 0.4 0

0 21832 0.4 0

0 21832.4 0.4 0

0 21832.8 0.4 0

0 21833.2 0.4 0

0 21833.6 0.4 0

0 21834 0.4 0

0 21834.4 0.4 0

0 21834.8 0.4 0

0 21835.2 0.4 0

0 21835.6 0.4 0

0 21836 0.4 0

0 21836.4 0.4 0

0 21836.8 0.4 0

0 21837.2 0.4 0

0 21837.6 0.4 0

0 21838 0.4 0

0 21838.4 0.4 0

0 21838.8 0.4 0

0 21839.2 0.4 0

0 21839.6 0.4 0

0 21840 0.4 0

0 21840.4 0.4 0

0 21840.8 0.4 0

0 21841.2 0.4 0

0 21841.6 0.4 0

0 21842 0.4 0

0 21842.4 0.4 0

0 21842.8 0.4 0

0 21843.2 0.4 0

0 21843.6 0.4 0

0 21844 0.4 0

0 21844.4 0.4 0

0 21844.8 0.4 0

0 21845.2 0.4 0

0 21845.6 0.4 0

0 21846 0.4 0

0 21846.4 0.4 0

0 21846.8 0.4 0

0 21847.2 0.4 0

0 21847.6 0.4 0

0 21848 0.4 0

0 21848.4 0.4 0

0 21848.8 0.4 0

0 21849.2 0.4 0

0 21849.6 0.4 0

0 21850 0.4 0

0 21850.4 0.4 0

0 21850.8 0.4 0

0 21851.2 0.4 0

0 21851.6 0.4 0

0 21852 0.4 0

0 21852.4 0.4 0

0 21852.8 0.4 0

0 21853.2 0.4 0

0 21853.6 0.4 0

0 21854 0.4 0

0 21854.4 0.4 0

0 21854.8 0.4 0

0 21855.2 0.4 0

0 21855.6 0.4 0

0 21856 0.4 0

0 21856.4 0.4 0

0 21856.8 0.4 0

0 21857.2 0.4 0

0 21857.6 0.4 0

0 21858 0.4 0

0 21858.4 0.4 0

0 21858.8 0.4 0

0 21859.2 0.4 0

0 21859.6 0.4 0

0 21860 0.4 0

0 21860.4 0.4 0

0 21860.8 0.4 0

0 21861.2 0.4 0

0 21861.6 0.4 0

0 21862 0.4 0

0 21862.4 0.4 0

0 21862.8 0.4 0

0 21863.2 0.4 0

0 21863.6 0.4 0

0 21864 0.4 0

0 21864.4 0.4 0

0 21864.8 0.4 0

0 21865.2 0.4 0

0 21865.6 0.4 0

0 21866 0.4 0

0 21866.4 0.4 0

0 21866.8 0.4 0

0 21867.2 0.4 0

0 21867.6 0.4 0

0 21868 0.4 0

0 21868.4 0.4 0

0 21868.8 0.4 0

0 21869.2 0.4 0

0 21869.6 0.4 0

0 21870 0.4 0

0 21870.4 0.4 0

0 21870.8 0.4 0

0 21871.2 0.4 0

0 21871.6 0.4 0

0 21872 0.4 0

0 21872.4 0.4 0

0 21872.8 0.4 0

0 21873.2 0.4 0

0 21873.6 0.4 0

0 21874 0.4 0

0 21874.4 0.4 0

0 21874.8 0.4 0

0 21875.2 0.4 0

0 21875.6 0.4 0

0 21876 0.4 0

0 21876.4 0.4 0

0 21876.8 0.4 0

0 21877.2 0.4 0

0 21877.6 0.4 0

0 21878 0.4 0

0 21878.4 0.4 0

0 21878.8 0.4 0

0 21879.2 0.4 0

0 21879.6 0.4 0

0 21880 0.4 0

0 21880.4 0.4 0

0 21880.8 0.4 0

0 21881.2 0.4 0

0 21881.6 0.4 0

0 21882 0.4 0

0 21882.4 0.4 0

0 21882.8 0.4 0

0 21883.2 0.4 0

0 21883.6 0.4 0

0 21884 0.4 0

0 21884.4 0.4 0

0 21884.8 0.4 0

0 21885.2 0.4 0

0 21885.6 0.4 0

0 21886 0.4 0

0 21886.4 0.4 0

0 21886.8 0.4 0

0 21887.2 0.4 0

0 21887.6 0.4 0

0 21888 0.4 0

0 21888.4 0.4 0

0 21888.8 0.4 0

0 21889.2 0.4 0

0 21889.6 0.4 0

0 21890 0.4 0

0 21890.4 0.4 0

0 21890.8 0.4 0

0 21891.2 0.4 0

0 21891.6 0.4 0

0 21892 0.4 0

0 21892.4 0.4 0

0 21892.8 0.4 0

0 21893.2 0.4 0

0 21893.6 0.4 0

0 21894 0.4 0

0 21894.4 0.4 0

0 21894.8 0.4 0

0 21895.2 0.4 0

0 21895.6 0.4 0

0 21896 0.4 0

0 21896.4 0.4 0

0 21896.8 0.4 0

0 21897.2 0.4 0

0 21897.6 0.4 0

0 21898 0.4 0

0 21898.4 0.4 0

0 21898.8 0.4 0

0 21899.2 0.4 0

0 21899.6 0.4 0

0 21900 0.4 0

0 21900.4 0.4 0

0 21900.8 0.4 0

0 21901.2 0.4 0

0 21901.6 0.4 0

0 21902 0.4 0

0 21902.4 0.4 0

0 21902.8 0.4 0

0 21903.2 0.4 0

0 21903.6 0.4 0

0 21904 0.4 0

0 21904.4 0.4 0

0 21904.8 0.4 0

0 21905.2 0.4 0

0 21905.6 0.4 0

0 21906 0.4 0

0 21906.4 0.4 0

0 21906.8 0.4 0

0 21907.2 0.4 0

0 21907.6 0.4 0

0 21908 0.4 0

0 21908.4 0.4 0

0 21908.8 0.4 0

0 21909.2 0.4 0

0 21909.6 0.4 0

0 21910 0.4 0

0 21910.4 0.4 0

0 21910.8 0.4 0

0 21911.2 0.4 0

0 21911.6 0.4 0

0 21912 0.4 0

0 21912.4 0.4 0

0 21912.8 0.4 0

0 21913.2 0.4 0

0 21913.6 0.4 0

0 21914 0.4 0

0 21914.4 0.4 0

0 21914.8 0.4 0

0 21915.2 0.4 0

0 21915.6 0.4 0

0 21916 0.4 0

0 21916.4 0.4 0

0 21916.8 0.4 0

0 21917.2 0.4 0

0 21917.6 0.4 0

0 21918 0.4 0

0 21918.4 0.4 0

0 21918.8 0.4 0

0 21919.2 0.4 0

0 21919.6 0.4 0

0 21920 0.4 0

0 21920.4 0.4 0

0 21920.8 0.4 0

0 21921.2 0.4 0

0 21921.6 0.4 0

0 21922 0.4 0

0 21922.4 0.4 0

0 21922.8 0.4 0

0 21923.2 0.4 0

0 21923.6 0.4 0

0 21924 0.4 0

0 21924.4 0.4 0

0 21924.8 0.4 0

0 21925.2 0.4 0

0 21925.6 0.4 0

0 21926 0.4 0

0 21926.4 0.4 0

0 21926.8 0.4 0

0 21927.2 0.4 0

0 21927.6 0.4 0

0 21928 0.4 0

0 21928.4 0.4 0

0 21928.8 0.4 0

0 21929.2 0.4 0

0 21929.6 0.4 0

0 21930 0.4 0

0 21930.4 0.4 0

0 21930.8 0.4 0

0 21931.2 0.4 0

0 21931.6 0.4 0

0 21932 0.4 0

0 21932.4 0.4 0

0 21932.8 0.4 0

0 21933.2 0.4 0

0 21933.6 0.4 0

0 21934 0.4 0

0 21934.4 0.4 0

0 21934.8 0.4 0

0 21935.2 0.4 0

0 21935.6 0.4 0

0 21936 0.4 0

0 21936.4 0.4 0

0 21936.8 0.4 0

0 21937.2 0.4 0

0 21937.6 0.4 0

0 21938 0.4 0

0 21938.4 0.4 0

0 21938.8 0.4 0

0 21939.2 0.4 0

0 21939.6 0.4 0

0 21940 0.4 0

0 21940.4 0.4 0

0 21940.8 0.4 0

0 21941.2 0.4 0

0 21941.6 0.4 0

0 21942 0.4 0

0 21942.4 0.4 0

0 21942.8 0.4 0

0 21943.2 0.4 0

0 21943.6 0.4 0

0 21944 0.4 0

0 21944.4 0.4 0

0 21944.8 0.4 0

0 21945.2 0.4 0

0 21945.6 0.4 0

0 21946 0.4 0

0 21946.4 0.4 0

0 21946.8 0.4 0

0 21947.2 0.4 0

0 21947.6 0.4 0

0 21948 0.4 0

0 21948.4 0.4 0

0 21948.8 0.4 0

0 21949.2 0.4 0

0 21949.6 0.4 0

0 21950 0.4 0

0 21950.4 0.4 0

0 21950.8 0.4 0

0 21951.2 0.4 0

0 21951.6 0.4 0

0 21952 0.4 0

0 21952.4 0.4 0

0 21952.8 0.4 0

0 21953.2 0.4 0

0 21953.6 0.4 0

0 21954 0.4 0

0 21954.4 0.4 0

0 21954.8 0.4 0

0 21955.2 0.4 0

0 21955.6 0.4 0

0 21956 0.4 0

0 21956.4 0.4 0

0 21956.8 0.4 0

0 21957.2 0.4 0

0 21957.6 0.4 0

0 21958 0.4 0

0 21958.4 0.4 0

0 21958.8 0.4 0

0 21959.2 0.4 0

0 21959.6 0.4 0

0 21960 0.4 0

0 21960.4 0.4 0

0 21960.8 0.4 0

0 21961.2 0.4 0

0 21961.6 0.4 0

0 21962 0.4 0

0 21962.4 0.4 0

0 21962.8 0.4 0

0 21963.2 0.4 0

0 21963.6 0.4 0

0 21964 0.4 0

0 21964.4 0.4 0

0 21964.8 0.4 0

0 21965.2 0.4 0

0 21965.6 0.4 0

0 21966 0.4 0

0 21966.4 0.4 0

0 21966.8 0.4 0

0 21967.2 0.4 0

0 21967.6 0.4 0

0 21968 0.4 0

0 21968.4 0.4 0

0 21968.8 0.4 0

0 21969.2 0.4 0

0 21969.6 0.4 0

0 21970 0.4 0

0 21970.4 0.4 0

0 21970.8 0.4 0

0 21971.2 0.4 0

0 21971.6 0.4 0

0 21972 0.4 0

0 21972.4 0.4 0

0 21972.8 0.4 0

0 21973.2 0.4 0

0 21973.6 0.4 0

0 21974 0.4 0

0 21974.4 0.4 0

0 21974.8 0.4 0

0 21975.2 0.4 0

0 21975.6 0.4 0

0 21976 0.4 0

0 21976.4 0.4 0

0 21976.8 0.4 0

0 21977.2 0.4 0

0 21977.6 0.4 0

0 21978 0.4 0

0 21978.4 0.4 0

0 21978.8 0.4 0

0 21979.2 0.4 0

0 21979.6 0.4 0

0 21980 0.4 0

0 21980.4 0.4 0

0 21980.8 0.4 0

0 21981.2 0.4 0

0 21981.6 0.4 0

0 21982 0.4 0

0 21982.4 0.4 0

0 21982.8 0.4 0

0 21983.2 0.4 0

0 21983.6 0.4 0

0 21984 0.4 0

0 21984.4 0.4 0

0 21984.8 0.4 0

0 21985.2 0.4 0

0 21985.6 0.4 0

0 21986 0.4 0

0 21986.4 0.4 0

0 21986.8 0.4 0

0 21987.2 0.4 0

0 21987.6 0.4 0

0 21988 0.4 0

0 21988.4 0.4 0

0 21988.8 0.4 0

0 21989.2 0.4 0

0 21989.6 0.4 0

0 21990 0.4 0

0 21990.4 0.4 0

0 21990.8 0.4 0

0 21991.2 0.4 0

0 21991.6 0.4 0

0 21992 0.4 0

0 21992.4 0.4 0

0 21992.8 0.4 0

0 21993.2 0.4 0

0 21993.6 0.4 0

0 21994 0.4 0

0 21994.4 0.4 0

0 21994.8 0.4 0

0 21995.2 0.4 0

0 21995.6 0.4 0

0 21996 0.4 0

0 21996.4 0.4 0

0 21996.8 0.4 0

0 21997.2 0.4 0

0 21997.6 0.4 0

0 21998 0.4 0

0 21998.4 0.4 0

0 21998.8 0.4 0

0 21999.2 0.4 0

0 21999.6 0.4 0

0 22000 0.4 0

